# Ge IV
   118.9017 32.03  0.041       0.000  0.5    84102.300  1.5    0.00  -6.20   0.00 1
3.109E-02 2.301E-02 1.699E-02 1.290E-02 0 0 -1
   122.9838 32.03 -0.279       0.000  0.5    81311.400  0.5    0.00   0.00   0.00 1
3.334E-02 2.467E-02 1.821E-02 1.434E-02 0 0 -1
#
#
# Pb IV
   131.3027 82.03 -1.928       0.000  0.5    76157.300  0.5    8.95  -5.50   0.00 1
4.145E-02 2.719E-02 1.843E-02 1.290E-02 0 0 -1
   131.3053 82.03 -3.550       0.000  0.5    76157.300  0.5    8.95  -5.50   0.00 1
4.145E-02 2.719E-02 1.843E-02 1.290E-02 0 0 -1
   131.3061 82.03 -1.320       0.000  0.5    76157.300  0.5    8.95  -5.50   0.00 1
4.145E-02 2.719E-02 1.843E-02 1.290E-02 0 0 -1
   131.3070 82.03 -0.499       0.000  0.5    76157.300  0.5    8.95  -5.50   0.00 1
4.145E-02 2.719E-02 1.843E-02 1.290E-02 0 0 -1
   131.3073 82.03 -1.626       0.000  0.5    76157.300  0.5    8.95  -5.50   0.00 1
4.145E-02 2.719E-02 1.843E-02 1.290E-02 0 0 -1
   131.3084 82.03 -1.928       0.000  0.5    76157.300  0.5    8.95  -5.50   0.00 1
4.145E-02 2.719E-02 1.843E-02 1.290E-02 0 0 -1
#
# Pb V
   118.9949 82.04  0.250  110769.944  3.0   194806.780  2.0    0.00   0.00   0.00 1
1.077E-01 6.611E-02 4.060E-02 2.522E-02 0 0 -1
#
# Sn IV 1314.539 -> 1314.530
   131.4528 50.03 -0.853       0.000  0.5    76430.700  1.5    0.00   0.00   0.00 1
1.184E-01 7.244E-02 4.440E-02 2.757E-02 0 0 -1
   131.4529 50.03 -0.027       0.000  0.5    76430.700  1.5    0.00   0.00   0.00 1
1.184E-01 7.244E-02 4.440E-02 2.757E-02 0 0 -1
   131.4531 50.03 -1.330       0.000  0.5    76430.700  1.5    0.00   0.00   0.00 1
1.184E-01 7.244E-02 4.440E-02 2.757E-02 0 0 -1
#
   143.7526 50.03 -1.197       0.000  0.5    69922.300  0.5    0.00   0.00   0.00 1
1.053E-01 6.441E-02 3.940E-02 2.443E-02 0 0 -1
   143.7527 50.03 -0.371       0.000  0.5    69922.300  0.5    0.00   0.00   0.00 1
1.053E-01 6.441E-02 3.940E-02 2.443E-02 0 0 -1
   143.7529 50.03 -1.674       0.000  0.5    69922.300  0.5    0.00   0.00   0.00 1
1.053E-01 6.441E-02 3.940E-02 2.443E-02 0 0 -1

