# Quantum number database
# Format: ion_id  energy  tolerance  S  L
# One entry per line
#
 201        0.000      1.00e+02  0.0   0  ! HEI
 201   159855.970      1.00e+03  1.0   0  ! HEI
 201   166277.440      1.00e+03  0.0   0  ! HEI
 201   169086.000      1.00e+02  1.0   1  ! HEI
 201   171134.900      1.00e+03  0.0   1  ! HEI
 201   183236.790      1.00e+02  1.0   0  ! HEI
 201   184864.800      1.00e+02  0.0   0  ! HEI
 201   185564.600      1.00e+02  1.0   1  ! HEI
 201   186101.550      1.00e+00  1.0   2  ! HEI
 201   186104.970      1.00e+00  0.0   2  ! HEI
 201   186209.360      1.00e+00  0.0   1  ! HEI
 201   190298.100      1.00e+00  1.0   0  ! HEI
 201   190940.200      1.00e+00  0.0   0  ! HEI
 201   191217.100      1.00e+00  1.0   1  ! HEI
 201   191444.500      1.00e+00  1.0   2  ! HEI
 201   191446.500      1.00e+00  0.0   2  ! HEI
 201   191451.790      1.00e-01  1.0   3  ! HEI
 201   191451.990      1.00e-01  0.0   3  ! HEI
 201   191492.710      1.00e+00  0.0   1  ! HEI
 201   193346.990      1.00e+00  1.0   0  ! HEI
 201   193663.510      1.00e+00  0.0   0  ! HEI
 201   193800.710      1.00e+00  1.0   1  ! HEI
 201   193917.150      1.00e+00  1.0   2  ! HEI
 201   193918.290      1.00e+00  0.0   2  ! HEI
 201   193921.121      5.00e-02  1.0   3  ! HEI
 201   193921.131      5.00e-02  0.0   3  ! HEI
 201   193921.618      4.00e-03  1.0   4  ! HEI
 201   193921.622      1.00e-03  0.0   4  ! HEI
 201   193942.500      3.00e+00  0.0   1  ! HEI
 201   194936.100      3.00e+00  1.0   0  ! HEI
 201   195114.869      1.00e+01  0.0   0  ! HEI
 201   195192.750      1.00e+01  1.0   1  ! HEI
 201   195260.070      1.00e-01  1.0   2  ! HEI
 201   195260.770      1.00e-01  0.0   2  ! HEI
 603        0.000      1.00e+02  0.0   0  ! CIII
 603    52390.750      1.00e+03  1.0   1  ! CIII
 603   102352.040      1.00e+03  0.0   1  ! CIII
 603   137454.400      1.00e+01  1.0   1  ! CIII
 603   145876.130      1.00e+03  0.0   2  ! CIII
 603   182519.880      1.00e+03  0.0   0  ! CIII
 603   238213.000      1.00e+03  1.0   0  ! CIII
 603   247170.260      1.00e+03  0.0   0  ! CIII
 603   258931.290      2.00e+02  0.0   1  ! CIII
 603   259724.297      2.00e+02  1.0   1  ! CIII
 603   270011.930      1.00e+03  1.0   2  ! CIII
 603   276482.860      1.00e+03  0.0   2  ! CIII
 603   308283.310      5.00e+02  1.0   1  ! CIII
 603   309457.170      1.00e+02  1.0   0  ! CIII
 603   310006.320      1.00e+02  0.0   1  ! CIII
 603   311721.510      1.00e+01  0.0   0  ! CIII
 603   317794.260      1.00e+01  1.0   1  ! CIII
 603   317796.510      1.00e+01  1.0   1  ! CIII
 603   317801.300      1.00e+01  1.0   1  ! CIII
 603   319720.350      1.00e+01  0.0   1  ! CIII
 603   321411.310      1.00e+01  1.0   2  ! CIII
 603   321426.740      1.00e+01  1.0   2  ! CIII
 603   321450.050      1.00e+01  1.0   2  ! CIII
 603   322003.680      1.00e+01  1.0   3  ! CIII
 603   322009.580      1.00e+01  1.0   3  ! CIII
 603   322017.970      1.00e+01  1.0   3  ! CIII
 603   322404.200      1.00e+01  0.0   1  ! CIII
 603   322702.020      1.00e+01  0.0   3  ! CIII
 603   323076.880      1.00e+01  1.0   2  ! CIII
 603   323101.360      1.00e+01  1.0   2  ! CIII
 603   323140.330      1.00e+01  1.0   2  ! CIII
 603   324212.490      1.00e+01  0.0   2  ! CIII
 603   327278.270      1.00e+01  1.0   0  ! CIII
 603   329685.380      1.00e+01  1.0   1  ! CIII
 603   329706.470      1.00e+01  1.0   1  ! CIII
 603   329743.570      1.00e+01  1.0   1  ! CIII
 603   332691.280      1.00e+01  0.0   2  ! CIII
 603   333118.210      1.00e+01  0.0   2  ! CIII
 603   333387.010      1.00e+01  1.0   3  ! CIII
 603   333411.550      1.00e+01  1.0   3  ! CIII
 603   333447.240      1.00e+01  1.0   3  ! CIII
 603   337655.980      1.00e+01  1.0   2  ! CIII
 603   337668.890      1.00e+01  1.0   2  ! CIII
 603   337688.040      1.00e+01  1.0   2  ! CIII
 603   338514.330      1.00e+01  0.0   0  ! CIII
 603   339934.720      1.00e+01  1.0   0  ! CIII
 603   340101.840      1.00e+01  1.0   1  ! CIII
 603   340127.530      1.00e+01  1.0   1  ! CIII
 603   340141.830      1.00e+01  1.0   1  ! CIII
 603   341370.940      1.00e+01  0.0   3  ! CIII
 603   343258.030      1.00e+01  0.0   1  ! CIII
 603   344232.980      1.00e+01  1.0   1  ! CIII
 603   344236.290      1.00e+01  1.0   1  ! CIII
 603   344238.680      1.00e+01  1.0   1  ! CIII
 603   345095.430      1.00e+01  0.0   0  ! CIII
 603   345496.570      1.00e+01  1.0   2  ! CIII
 603   345496.720      1.00e+01  1.0   2  ! CIII
 603   345497.150      1.00e+01  1.0   2  ! CIII
 603   346579.210      1.00e+01  1.0   4  ! CIII
 603   346579.490      1.00e+01  1.0   4  ! CIII
 603   346579.310      1.00e+01  0.0   4  ! CIII
 603   346658.340      1.00e+01  0.0   2  ! CIII
 603   346712.730      1.00e+01  0.0   1  ! CIII
 603   347151.890      1.00e+01  1.0   3  ! CIII
 603   347153.260      1.00e+01  1.0   3  ! CIII
 603   347155.410      1.00e+01  1.0   3  ! CIII
 603   348859.990      1.00e+01  0.0   3  ! CIII
 603   354858.030      1.00e+01  1.0   0  ! CIII
 603   357049.380      1.00e+01  1.0   1  ! CIII
 603   357050.170      1.00e+01  1.0   1  ! CIII
 603   357051.230      1.00e+01  1.0   1  ! CIII
 603   357109.680      1.00e+01  0.0   1  ! CIII
 603   358097.780      1.00e+01  1.0   2  ! CIII
 603   358692.180      1.00e+01  0.0   4  ! CIII
 603   358692.200      1.00e+01  1.0   4  ! CIII
 603   358692.400      1.00e+01  1.0   4  ! CIII
 603   358732.930      1.00e+01  0.0   2  ! CIII
 603   358776.300      1.00e+01  1.0   5  ! CIII
 603   358776.300      1.00e+01  0.0   5  ! CIII
 603   358850.020      1.00e+01  1.0   3  ! CIII
 603   358850.320      1.00e+01  1.0   3  ! CIII
 603   358850.740      1.00e+01  1.0   3  ! CIII
 603   359121.950      1.00e+01  0.0   3  ! CIII
 603   363613.000      1.00e+01  1.0   0  ! CIII
 603   364896.000      1.00e+01  0.0   1  ! CIII
 603   365638.000      1.00e+01  1.0   2  ! CIII
 603   365998.400      1.00e+01  1.0   4  ! CIII
 603   366028.000      1.00e+01  0.0   2  ! CIII
 603   366069.000      1.00e+01  1.0   3  ! CIII
 603   369926.000      1.00e+01  0.0   1  ! CIII
 603   370499.000      1.00e+01  1.0   2  ! CIII
 603   373828.000      1.00e+01  1.0   2  ! CIII
 603   376278.100      1.00e+01  1.0   1  ! CIII
 603   376299.200      1.00e+01  1.0   1  ! CIII
 603   376403.600      1.00e+01  1.0   1  ! CIII
 603   381105.400      1.00e+01  0.0   1  ! CIII
 603   381950.000      1.00e+01  1.0   2  ! CIII
 603   381971.000      1.00e+01  1.0   2  ! CIII
 603   382010.000      1.00e+01  1.0   2  ! CIII
 603   384345.000      1.00e+01  1.0   1  ! CIII
 603   384365.000      1.00e+01  1.0   1  ! CIII
 603   384405.400      1.00e+01  1.0   1  ! CIII
 603   385638.100      1.00e+01  0.0   2  ! CIII
 603   385817.200      1.00e+01  0.0   2  ! CIII
 603   385826.000      1.00e+01  1.0   3  ! CIII
 604        0.000      1.00e+01  0.5   0  ! CIV
 604    64484.000      1.00e+01  0.5   1  ! CIV
 604    64591.700      1.00e+01  0.5   1  ! CIV
 604   302849.000      1.00e+01  0.5   0  ! CIV
 604   320050.100      1.00e+01  0.5   1  ! CIV
 604   320081.700      1.00e+01  0.5   1  ! CIV
 604   324879.800      1.00e+01  0.5   2  ! CIV
 604   324890.300      1.00e+01  0.5   2  ! CIV
 604   401348.100      1.00e+01  0.5   0  ! CIV
 604   408311.100      1.00e+01  0.5   1  ! CIV
 604   408324.200      1.00e+01  0.5   1  ! CIV
 604   410336.100      1.00e+01  0.5   2  ! CIV
 604   410340.100      1.00e+01  0.5   2  ! CIV
 604   410434.200      1.00e+01  0.5   3  ! CIV
 604   445368.500      1.00e+01  0.5   0  ! CIV
 604   448855.800      1.00e+01  0.5   1  ! CIV
 604   448862.900      1.00e+01  0.5   1  ! CIV
 604   449888.200      1.00e+01  0.5   2  ! CIV
 604   449889.900      1.00e+01  0.5   2  ! CIV
 604   449939.800      1.00e+01  0.5   3  ! CIV
 604   449948.400      1.00e+01  0.5   4  ! CIV
 604   468784.000      1.00e+01  0.5   0  ! CIV
 604   470775.000      1.00e+01  0.5   1  ! CIV
 604   470778.900      1.00e+01  0.5   1  ! CIV
 604   471370.300      1.00e+01  0.5   2  ! CIV
 604   471371.500      1.00e+01  0.5   2  ! CIV
 604   471403.200      1.00e+01  0.5   3  ! CIV
 604   471406.160      1.00e+01  0.5   4  ! CIV
 604   471406.800      1.00e+01  0.5   5  ! CIV
 604   482706.000      1.00e+01  0.5   0  ! CIV
 604   483948.400      1.00e+01  0.5   1  ! CIV
 604   483950.800      1.00e+01  0.5   1  ! CIV
 604   484320.600      1.00e+01  0.5   2  ! CIV
 604   484343.500      1.00e+01  0.5   3  ! CIV
 604   484345.420      1.00e+01  0.5   4  ! CIV
 604   484345.840      1.00e+01  0.5   5  ! CIV
 604   484345.960      1.00e+01  0.5   6  ! CIV
 604   491650.800      1.00e+01  0.5   0  ! CIV
 604   492477.700      1.00e+01  0.5   1  ! CIV
 604   492479.300      1.00e+01  0.5   1  ! CIV
 604   492728.500      1.00e+01  0.5   2  ! CIV
 604   492742.200      1.00e+01  0.5   3  ! CIV
 604   492743.490      1.00e+01  0.5   4  ! CIV
 604   492743.780      1.00e+01  0.5   5  ! CIV
 604   492743.860      1.00e+01  0.5   6  ! CIV
 604   497736.700      1.00e+01  0.5   0  ! CIV
 604   498314.600      1.00e+01  0.5   1  ! CIV
 604   498315.700      1.00e+01  0.5   1  ! CIV
 604   498490.600      1.00e+01  0.5   2  ! CIV
 604   498500.300      1.00e+01  0.5   3  ! CIV
 604   498501.170      1.00e+01  0.5   4  ! CIV
 604   498501.370      1.00e+01  0.5   5  ! CIV
 604   498501.440      1.00e+01  0.5   6  ! CIV
 604   502412.000      1.00e+01  0.5   1  ! CIV
 604   502598.000      1.00e+01  0.5   2  ! CIV
 604   505510.000      1.00e+01  0.5   1  ! CIV
 604   505696.000      1.00e+01  0.5   2  ! CIV
 604   507717.000      1.00e+01  0.5   1  ! CIV
 604   508018.000      1.00e+01  0.5   2  ! CIV
 604   509502.000      1.00e+01  0.5   1  ! CIV
 604   509821.000      1.00e+01  0.5   2  ! CIV
 604   511254.000      1.00e+01  0.5   2  ! CIV
 702   149076.516      2.00e+02  1.0   1  ! NII
 702   166678.641      1.00e+02  1.0   2  ! NII
 702   170666.234      2.00e+02  1.0   1  ! NII
 702   186652.484      2.00e+02  1.0   3  ! NII
 702   187461.560      2.00e+02  1.0   2  ! NII
 702   189335.156      2.00e+02  0.0   1  ! NII
 702   211402.031      2.00e+01  1.0   4  ! NII
 702   211290.000      2.00e+01  1.0   4  ! NII
 703    57246.000      1.00e+02  1.5   1  ! NIII
 703   131004.300      5.00e+01  0.5   0  ! NIII
 703   145890.000      1.00e+02  0.5   1  ! NIII
 703   186797.100      1.00e+01  1.5   0  ! NIII
 703   203080.000      3.00e+01  0.5   2  ! NIII
 703   221302.200      1.00e+01  0.5   0  ! NIII
 703   230404.300      5.00e+01  0.5   1  ! NIII
 703   245665.406      2.00e+02  0.5   1  ! NIII
 703   267244.000      2.00e+02  0.5   2  ! NIII
 703   287706.906      2.00e+02  1.5   1  ! NIII
 703   297200.000      2.00e+02  0.5   1  ! NIII
 703   301082.600      2.00e+02  0.5   0  ! NIII
 703   309170.000      5.00e+01  0.5   1  ! NIII
 703   309849.812      2.00e+02  1.5   2  ! NIII
 703   311700.000      5.00e+01  0.5   1  ! NIII
 703   314217.312      1.00e+02  1.5   0  ! NIII
 703   317340.000      1.00e+02  1.5   1  ! NIII
 703   317779.500      6.00e+01  0.5   2  ! NIII
 703   320288.312      1.00e+02  0.5   3  ! NIII
 703   320978.188      1.00e+02  0.5   2  ! NIII
 703   330300.000      1.00e+02  1.5   3  ! NIII
 703   339855.500      2.00e+02  0.5   3  ! NIII
 703   342750.094      5.00e+01  0.5   3  ! NIII
 703   343117.094      2.00e+02  0.5   4  ! NIII
 703   368578.300      1.00e+02  1.5   1  ! NIII
 703   368893.800      3.00e+01  0.5   0  ! NIII
 703   370269.000      3.00e+01  0.5   2  ! NIII
 703   370365.000      3.00e+01  0.5   0  ! NIII
 703   371646.900      5.00e+01  0.5   0  ! NIII
 703   372651.000      1.00e+02  0.5   2  ! NIII
 703   373346.094      1.00e+02  0.5   2  ! NIII
 703   373605.600      5.00e+01  0.5   0  ! NIII
 703   374427.000      1.00e+02  0.5   2  ! NIII
 703   394969.000      2.00e+02  0.5   3  ! NIII
 704        0.000      1.00e+03  0.0   0  ! NIV
 704    67300.000      1.00e+03  1.0   1  ! NIV
 704   130693.900      1.00e+03  0.0   1  ! NIV
 704   175600.000      1.00e+03  1.0   1  ! NIV
 704   188882.500      1.00e+03  0.0   2  ! NIV
 704   235369.300      1.00e+03  0.0   0  ! NIV
 704   377284.812      1.00e+03  1.0   0  ! NIV
 704   388854.600      1.00e+03  0.0   0  ! NIV
 704   404522.406      1.00e+02  0.0   1  ! NIV
 704   405987.500      2.00e+02  1.0   1  ! NIV
 704   420049.600      1.00e+03  1.0   2  ! NIV
 704   429159.594      2.00e+02  0.0   2  ! NIV
 705        0.000      1.00e+03  0.5   0  ! NV
 705    80500.000      1.00e+03  0.5   1  ! NV
 803        0.000      1.00e+03  1.0   1  ! OIII
 803    20273.270      1.00e+03  0.0   2  ! OIII
 803    43185.740      1.00e+03  0.0   0  ! OIII
 803    60324.790      1.00e+03  3.0   0  ! OIII
 803   120053.400      1.00e+03  2.0   2  ! OIII
 803   142381.800      1.00e+03  2.0   1  ! OIII
 803   187054.000      1.00e+03  0.0   2  ! OIII
 803   197087.700      1.00e+03  1.0   0  ! OIII
 803   210461.800      1.00e+03  0.0   1  ! OIII
 803   267634.000      6.00e+02  1.0   1  ! OIII
 803   273081.330      1.00e+03  0.0   1  ! OIII
 803   283977.400      1.00e+03  1.0   1  ! OIII
 803   290958.250      1.00e+03  0.0   1  ! OIII
 803   294223.062      8.00e+02  1.0   2  ! OIII
 803   297558.660      5.00e+02  1.0   0  ! OIII
 803   298294.000      3.00e+02  0.0   2  ! OIII
 803   300311.960      1.00e+03  1.0   1  ! OIII
 803   380720.000      4.00e+01  1.0   1  ! OIII
 804        0.000      6.00e+02  0.5   1  ! OIV
 804    71570.100      1.00e+03  1.5   1  ! OIV
 804   126936.300      1.00e+03  0.5   2  ! OIV
 804   164366.400      1.00e+03  0.5   0  ! OIV
 804   180600.000      1.00e+03  0.5   1  ! OIV
 804   231537.500      1.00e+03  1.5   0  ! OIV
 804   255155.900      1.00e+03  0.5   2  ! OIV
 804   289015.400      1.00e+03  0.5   1  ! OIV
 804   357614.300      1.00e+03  0.5   0  ! OIV
 804   390161.200      1.00e+03  0.5   1  ! OIV
 805        0.000      1.00e+02  0.0   0  ! OV
 805    82078.600      2.00e+03  1.0   1  ! OV
 805   158797.700      2.00e+03  0.0   1  ! OV
 805   213618.200      2.00e+03  1.0   1  ! OV
 805   231721.400      2.00e+03  0.0   2  ! OV
 805   287910.300      2.00e+03  0.0   0  ! OV
1002   219130.766      1.00e+01  1.5   1  ! NeII
1002   249108.609      1.00e+01  1.5   2  ! NeII
1002   279137.605      1.00e+00  1.5   2  ! NeII
1002   279218.642      1.00e+00  1.5   2  ! NeII
1002   279324.873      1.00e+00  1.5   2  ! NeII
1002   280172.985      1.00e+00  1.5   3  ! NeII
1002   280700.743      1.00e+00  1.5   3  ! NeII
1002   280797.239      1.00e+00  1.5   3  ! NeII
1002   280947.077      1.00e+00  1.5   3  ! NeII
1002   281025.933      1.00e+00  0.5   3  ! NeII
1002   280262.316      1.00e+00  0.5   3  ! NeII
1002   302844.085      1.00e+01  0.5   3  ! NeII
1002   328818.054      1.00e+01  0.5   3  ! NeII
1002   303600.498      1.00e+01  0.5   3  ! NeII
1002   302843.509      1.00e+01  0.5   3  ! NeII
1002   302935.292      1.00e+01  0.5   3  ! NeII
1002   303599.910      1.00e+01  0.5   3  ! NeII
1002   302903.635      1.00e+01  0.5   3  ! NeII
1002   302829.045      1.00e+01  0.5   3  ! NeII
1002   302831.176      1.00e+01  0.5   3  ! NeII
1002   303509.514      1.00e+01  0.5   3  ! NeII
1002   302831.176      1.00e+01  0.5   3  ! NeII
1002   302935.312      1.00e+01  1.5   3  ! NeII
1002   303508.458      1.00e+01  0.5   3  ! NeII
1002   303528.512      1.00e+01  1.5   3  ! NeII
1002   305364.004      1.00e+01  0.5   4  ! NeII
1002   328665.350      1.00e+01  0.5   4  ! NeII
1003   449552.388      1.00e+01  2.0   3  ! NeIII
1003   449583.480      1.00e+01  1.0   3  ! NeIII
1003   472004.100      1.00e-01  2.0   4  ! NeIII
1003   472004.440      1.00e-01  1.0   4  ! NeIII
1202    71490.190      1.00e+01  0.5   2  ! MgII
1202    93799.750      1.00e+01  0.5   3  ! MgII
1403        0.000      5.00e+00  0.0   0  ! SiIII
1403    52853.000      2.00e+03  1.0   1  ! SiIII
1403    82884.410      2.00e+03  0.0   1  ! SiIII
1403   122214.520      1.00e+03  0.0   2  ! SiIII
1403   129841.000      2.00e+03  1.0   1  ! SiIII
1403   142945.840      2.00e+03  1.0   2  ! SiIII
1403   153377.050      4.00e+01  1.0   0  ! SiIII
1403   153444.230      4.00e+01  0.0   0  ! SiIII
1403   159069.610      1.00e+03  0.0   0  ! SiIII
1403   165765.000      1.00e+03  0.0   2  ! SiIII
1404        0.000      5.00e+00  0.5   0  ! SiIV
1404    71500.000      1.00e+03  0.5   1  ! SiIV
1404   160375.600      1.00e+03  0.5   2  ! SiIV
1404   193978.891      1.00e+03  0.5   0  ! SiIV
1404   218428.672      5.00e+02  0.5   1  ! SiIV
1404   250008.141      1.00e+02  0.5   2  ! SiIV
1404   293719.000      1.00e+01  0.5   3  ! SiIV
1404   315305.281      1.00e+02  0.5   4  ! SiIV
1604        0.000      2.00e+03  0.5   1  ! SIV
1604    71528.700      1.00e+03  1.5   1  ! SIV
1604    94150.300      1.00e+03  0.5   2  ! SIV
1604   123509.300      1.00e+03  0.5   0  ! SIV
1604   133900.000      1.00e+03  0.5   1  ! SIV
1604   152146.800      1.00e+03  0.5   2  ! SIV
1604   181448.203      1.00e+03  0.5   0  ! SIV
1604   185055.200      1.00e+03  0.5   2  ! SIV
1604   196455.400      1.00e+03  1.5   0  ! SIV
1604   203632.800      2.00e+03  1.5   3  ! SIV
1604   211376.300      5.00e+02  0.5   1  ! SIV
1604   213725.297      3.00e+02  0.5   1  ! SIV
1604   222198.300      1.00e+03  1.5   1  ! SIV
1604   224342.700      1.00e+03  1.5   2  ! SIV
1604   233610.400      1.00e+03  0.5   2  ! SIV
1604   242000.000      1.00e+03  0.5   3  ! SIV
1604   255400.297      3.00e+02  0.5   2  ! SIV
1604   263600.000      6.00e+02  1.5   1  ! SIV
1604   277596.000      3.00e+02  0.5   3  ! SIV
1604   285122.200      3.00e+02  1.5   2  ! SIV
1604   293750.000      6.00e+02  1.5   2  ! SIV
1605        0.000      1.00e+02  0.0   0  ! SV
1605    83500.000      2.00e+03  1.0   1  ! SV
1605   127150.700      1.00e+03  0.0   1  ! SV
1605   193739.100      1.00e+03  0.0   2  ! SV
1605   200000.000      2.00e+03  1.0   1  ! SV
1605   234947.000      1.00e+02  1.0   2  ! SV
1605   235350.000      1.00e+02  0.0   0  ! SV
1605   270700.400      1.00e+03  0.0   2  ! SV
1605   311595.100      1.00e+03  1.0   0  ! SV
1605   320108.000      1.00e+03  0.0   0  ! SV
1605   323547.300      1.00e+03  1.0   3  ! SV
1605   328454.300      1.00e+03  0.0   2  ! SV
1605   345712.800      1.00e+03  1.0   1  ! SV
2204        0.000      1.00e+03  0.5   2  ! ion2204
2204    80388.920      1.00e+03  0.5   0  ! ion2204
2204   128000.000      2.00e+03  0.5   1  ! ion2204
2204   196850.000      2.00e+03  0.5   2  ! ion2204
2204   212407.000      2.00e+03  0.5   0  ! ion2204
2204   230924.375      4.00e+02  0.5   1  ! ion2204
2204   236135.000      2.00e+03  0.5   3  ! ion2204
2204   258877.078      1.00e+03  0.5   2  ! ion2204
2204   265847.420      1.00e+03  0.5   0  ! ion2204
2204   278511.219      1.00e+01  0.5   4  ! ion2204
2204   300158.750      1.00e+01  0.5   5  ! ion2204
2204   306395.690      1.00e+03  0.5   2  ! ion2204
2204   313033.900      2.00e+01  0.5   4  ! ion2204
2204   313110.720      1.00e+01  0.5   5  ! ion2204
2204   313130.660      1.00e+01  0.5   6  ! ion2204
2204   321531.300      1.00e+03  0.5   6  ! ion2204
2404        0.000      1.00e+01  1.5   3  ! CrIV
2404      237.400      1.00e+01  1.5   3  ! CrIV
2404      556.400      1.00e+01  1.5   3  ! CrIV
2404      945.500      1.00e+01  1.5   3  ! CrIV
2404    14059.900      1.00e+01  1.5   1  ! CrIV
2404    14177.500      1.00e+01  1.5   1  ! CrIV
2404    14472.200      1.00e+01  1.5   1  ! CrIV
2404    15053.600      1.00e+01  0.5   4  ! CrIV
2404    15402.400      1.00e+01  0.5   4  ! CrIV
2404    19439.400      1.00e+01  0.5   1  ! CrIV
2404    19520.800      1.00e+01  0.5   1  ! CrIV
2404    20651.000      1.00e+01  0.5   2  ! CrIV
2404    20665.500      1.00e+01  0.5   2  ! CrIV
2404    21066.900      1.00e+01  0.5   5  ! CrIV
2404    21321.100      1.00e+01  0.5   5  ! CrIV
2404    34364.300      1.00e+01  0.5   3  ! CrIV
2404    34556.900      1.00e+01  0.5   3  ! CrIV
2404    52976.400      1.00e+01  0.5   2  ! CrIV
2404    53143.800      1.00e+01  0.5   2  ! CrIV
2404   103996.500      1.00e+01  1.5   3  ! CrIV
2404   104258.600      1.00e+01  1.5   3  ! CrIV
2404   104630.200      1.00e+01  1.5   3  ! CrIV
2404   105105.700      1.00e+01  1.5   3  ! CrIV
2404   109941.500      1.00e+01  0.5   3  ! CrIV
2404   110691.800      1.00e+01  0.5   3  ! CrIV
2404   118571.500      1.00e+01  0.5   2  ! CrIV
2404   118727.800      1.00e+01  0.5   2  ! CrIV
2404   119014.600      1.00e+01  1.5   1  ! CrIV
2404   119252.000      1.00e+01  1.5   1  ! CrIV
2404   119671.300      1.00e+01  1.5   1  ! CrIV
2404   124410.500      1.00e+01  0.5   1  ! CrIV
2404   124734.400      1.00e+01  0.5   1  ! CrIV
2404   127195.700      1.00e+01  0.5   4  ! CrIV
2404   127208.300      1.00e+01  0.5   4  ! CrIV
2404   155354.400      1.00e+01  0.5   0  ! CrIV
2404   157361.400      1.00e+01  1.5   4  ! CrIV
2404   157933.300      1.00e+01  1.5   4  ! CrIV
2404   158629.500      1.00e+01  1.5   4  ! CrIV
2404   159449.200      1.00e+01  1.5   4  ! CrIV
2404   158527.700      1.00e+01  1.5   3  ! CrIV
2404   158892.700      1.00e+01  1.5   3  ! CrIV
2404   159352.000      1.00e+01  1.5   3  ! CrIV
2404   159863.600      1.00e+01  1.5   3  ! CrIV
2404   160305.400      1.00e+01  0.5   3  ! CrIV
2404   160937.400      1.00e+01  0.5   3  ! CrIV
2404   160986.500      1.00e+01  0.5   2  ! CrIV
2404   162301.400      1.00e+01  0.5   2  ! CrIV
2404   161354.800      1.00e+01  1.5   2  ! CrIV
2404   161495.300      1.00e+01  1.5   2  ! CrIV
2404   161756.300      1.00e+01  1.5   2  ! CrIV
2404   162064.900      1.00e+01  1.5   2  ! CrIV
2404   164909.700      1.00e+01  0.5   4  ! CrIV
2404   165430.000      1.00e+01  0.5   4  ! CrIV
2404   167896.500      1.00e+01  0.5   0  ! CrIV
2404   171081.300      1.00e+01  1.5   0  ! CrIV
2404   172184.000      1.00e+01  0.5   1  ! CrIV
2404   172823.200      1.00e+01  0.5   1  ! CrIV
2404   172636.400      1.00e+01  0.5   3  ! CrIV
2404   173366.000      1.00e+01  0.5   3  ! CrIV
2404   173431.900      1.00e+01  1.5   2  ! CrIV
2404   173659.100      1.00e+01  1.5   2  ! CrIV
2404   174096.200      1.00e+01  1.5   2  ! CrIV
2404   174846.200      1.00e+01  1.5   2  ! CrIV
2404   174539.700      1.00e+01  0.5   2  ! CrIV
2404   174968.600      1.00e+01  0.5   2  ! CrIV
2404   176690.900      1.00e+01  1.5   1  ! CrIV
2404   176916.700      1.00e+01  1.5   1  ! CrIV
2404   177406.500      1.00e+01  1.5   1  ! CrIV
2404   177916.500      1.00e+01  0.5   4  ! CrIV
2404   178030.000      1.00e+01  0.5   4  ! CrIV
2404   181243.100      1.00e+01  0.5   2  ! CrIV
2404   181277.900      1.00e+01  0.5   2  ! CrIV
2404   182679.200      1.00e+01  0.5   5  ! CrIV
2404   183444.200      1.00e+01  0.5   5  ! CrIV
2404   183720.300      1.00e+01  0.5   1  ! CrIV
2404   183875.600      1.00e+01  0.5   1  ! CrIV
2404   186980.800      1.00e+01  0.5   3  ! CrIV
2404   187519.000      1.00e+01  0.5   3  ! CrIV
2404   210559.200      1.00e+01  0.5   1  ! CrIV
2404   211575.900      1.00e+01  0.5   1  ! CrIV
2404   232566.100      1.00e+01  1.5   4  ! CrIV
2404   232896.600      1.00e+01  1.5   4  ! CrIV
2404   233236.700      1.00e+01  1.5   4  ! CrIV
2404   233647.000      1.00e+01  1.5   4  ! CrIV
2404   233117.300      1.00e+01  0.5   3  ! CrIV
2404   233637.600      1.00e+01  0.5   3  ! CrIV
2404   233358.800      1.00e+01  1.5   5  ! CrIV
2404   233708.500      1.00e+01  1.5   5  ! CrIV
2404   234100.100      1.00e+01  1.5   5  ! CrIV
2404   234500.900      1.00e+01  1.5   5  ! CrIV
2404   233618.400      1.00e+01  1.5   2  ! CrIV
2404   233798.900      1.00e+01  1.5   2  ! CrIV
2404   234085.200      1.00e+01  1.5   2  ! CrIV
2404   234502.100      1.00e+01  1.5   2  ! CrIV
2404   235743.000      1.00e+01  0.5   1  ! CrIV
2404   236491.400      1.00e+01  0.5   1  ! CrIV
2404   237798.200      1.00e+01  1.5   1  ! CrIV
2404   238100.400      1.00e+01  1.5   1  ! CrIV
2404   238447.100      1.00e+01  1.5   1  ! CrIV
2404   237999.500      1.00e+01  0.5   4  ! CrIV
2404   238561.300      1.00e+01  0.5   4  ! CrIV
2404   239541.400      1.00e+01  0.5   2  ! CrIV
2404   239541.400      1.00e+01  0.5   2  ! CrIV
2404   239582.800      1.00e+01  0.5   5  ! CrIV
2404   240268.800      1.00e+01  0.5   5  ! CrIV
2404   240967.900      1.00e+01  1.5   3  ! CrIV
2404   241182.500      1.00e+01  1.5   3  ! CrIV
2404   241472.800      1.00e+01  1.5   3  ! CrIV
2404   241832.500      1.00e+01  1.5   3  ! CrIV
2404   247099.100      1.00e+01  0.5   1  ! CrIV
2404   247765.000      1.00e+01  0.5   1  ! CrIV
2404   247239.300      1.00e+01  0.5   3  ! CrIV
2404   247546.700      1.00e+01  0.5   3  ! CrIV
2404   249932.500      1.00e+01  0.5   4  ! CrIV
2404   250007.700      1.00e+01  0.5   4  ! CrIV
2404   250535.200      1.00e+01  1.5   3  ! CrIV
2404   250752.700      1.00e+01  1.5   3  ! CrIV
2404   251093.100      1.00e+01  1.5   3  ! CrIV
2404   251017.300      1.00e+01  1.5   2  ! CrIV
2404   251095.600      1.00e+01  1.5   2  ! CrIV
2404   251137.800      1.00e+01  1.5   2  ! CrIV
2404   251342.700      1.00e+01  1.5   2  ! CrIV
2404   251563.900      1.00e+01  1.5   3  ! CrIV
2404   251807.000      1.00e+01  1.5   3  ! CrIV
2404   252188.300      1.00e+01  1.5   3  ! CrIV
2404   252694.500      1.00e+01  1.5   3  ! CrIV
2404   252464.800      1.00e+01  0.5   3  ! CrIV
2404   252532.800      1.00e+01  0.5   3  ! CrIV
2404   253476.100      1.00e+01  0.5   3  ! CrIV
2404   254212.100      1.00e+01  0.5   3  ! CrIV
2404   254534.600      1.00e+01  1.5   1  ! CrIV
2404   255662.300      1.00e+01  0.5   2  ! CrIV
2404   255836.900      1.00e+01  0.5   2  ! CrIV
2404   255803.600      1.00e+01  0.5   1  ! CrIV
2404   256306.200      1.00e+01  0.5   1  ! CrIV
2404   256853.200      1.00e+01  0.5   6  ! CrIV
2404   256885.400      1.00e+01  0.5   6  ! CrIV
2404   257588.600      1.00e+01  0.5   4  ! CrIV
2404   257714.400      1.00e+01  0.5   4  ! CrIV
2404   259755.400      1.00e+01  0.5   5  ! CrIV
2404   259799.600      1.00e+01  0.5   5  ! CrIV
2404   263875.900      1.00e+01  0.5   3  ! CrIV
2404   263971.000      1.00e+01  0.5   3  ! CrIV
2404   265031.600      1.00e+01  0.5   2  ! CrIV
2404   265048.600      1.00e+01  0.5   2  ! CrIV
2404   266878.000      1.00e+01  0.5   2  ! CrIV
2404   266931.700      1.00e+01  0.5   2  ! CrIV
2404   266946.600      1.00e+01  1.5   1  ! CrIV
2404   267130.400      1.00e+01  1.5   1  ! CrIV
2404   267469.000      1.00e+01  1.5   1  ! CrIV
2404   268458.100      1.00e+01  0.5   1  ! CrIV
2404   268813.400      1.00e+01  0.5   1  ! CrIV
2404   273865.300      1.00e+01  0.5   4  ! CrIV
2404   273866.600      1.00e+01  0.5   4  ! CrIV
2405        0.000      1.00e+01  1.0   3  ! CrV
2405      508.200      1.00e+01  1.0   3  ! CrV
2405     1141.700      1.00e+01  1.0   3  ! CrV
2405    13188.000      1.00e+01  0.0   2  ! CrV
2405    15491.800      1.00e+01  1.0   1  ! CrV
2405    15676.600      1.00e+01  1.0   1  ! CrV
2405    16041.000      1.00e+01  1.0   1  ! CrV
2405    22019.200      1.00e+01  0.0   4  ! CrV
2405    51146.400      1.00e+01  0.0   0  ! CrV
2405   167176.400      1.00e+01  1.0   2  ! CrV
2405   167491.000      1.00e+01  1.0   2  ! CrV
2405   168089.500      1.00e+01  1.0   2  ! CrV
2405   171698.100      1.00e+01  0.0   2  ! CrV
2405   226119.800      1.00e+01  0.0   2  ! CrV
2405   228001.800      1.00e+01  1.0   2  ! CrV
2405   228489.100      1.00e+01  1.0   2  ! CrV
2405   229120.800      1.00e+01  1.0   2  ! CrV
2405   229551.700      1.00e+01  1.0   3  ! CrV
2405   230316.300      1.00e+01  1.0   3  ! CrV
2405   231392.900      1.00e+01  1.0   3  ! CrV
2405   234618.400      1.00e+01  1.0   1  ! CrV
2405   234668.500      1.00e+01  1.0   1  ! CrV
2405   234846.400      1.00e+01  1.0   1  ! CrV
2405   237529.500      1.00e+01  0.0   3  ! CrV
2405   239917.500      1.00e+01  0.0   1  ! CrV
2405   316674.900      1.00e+01  0.0   3  ! CrV
2405   317893.800      1.00e+01  1.0   2  ! CrV
2405   318227.600      1.00e+01  1.0   2  ! CrV
2405   318601.700      1.00e+01  1.0   2  ! CrV
2405   319119.100      1.00e+01  1.0   4  ! CrV
2405   319516.800      1.00e+01  1.0   4  ! CrV
2405   320074.400      1.00e+01  1.0   4  ! CrV
2405   319284.000      1.00e+01  0.0   1  ! CrV
2405   322528.100      1.00e+01  1.0   0  ! CrV
2405   325104.100      1.00e+01  1.0   3  ! CrV
2405   325472.500      1.00e+01  1.0   3  ! CrV
2405   325884.200      1.00e+01  1.0   3  ! CrV
2405   329350.300      1.00e+01  0.0   2  ! CrV
2405   330084.800      1.00e+01  1.0   1  ! CrV
2405   330245.100      1.00e+01  1.0   1  ! CrV
2405   330536.800      1.00e+01  1.0   1  ! CrV
2405   331811.200      1.00e+01  0.0   4  ! CrV
2405   356744.800      1.00e+01  1.0   2  ! CrV
2405   356981.300      1.00e+01  1.0   2  ! CrV
2405   357675.900      1.00e+01  1.0   2  ! CrV
2405   358653.800      1.00e+01  0.0   2  ! CrV
2504        0.000      1.00e+03  2.0   2  ! MnIV
2504    20654.200      1.00e+01  1.0   1  ! MnIV
2504    21278.800      1.00e+01  1.0   1  ! MnIV
2504    22324.700      1.00e+01  1.0   1  ! MnIV
2504    21280.700      1.00e+01  1.0   5  ! MnIV
2504    21474.800      1.00e+01  1.0   5  ! MnIV
2504    21679.300      1.00e+01  1.0   5  ! MnIV
2504    22791.000      1.00e+01  1.0   3  ! MnIV
2504    22862.300      1.00e+01  1.0   3  ! MnIV
2504    22959.100      1.00e+01  1.0   3  ! MnIV
2504    25440.400      1.00e+01  1.0   4  ! MnIV
2504    25670.800      1.00e+01  1.0   4  ! MnIV
2504    25877.700      1.00e+01  1.0   4  ! MnIV
2504    31385.200      1.00e+01  1.0   2  ! MnIV
2504    31473.500      1.00e+01  1.0   2  ! MnIV
2504    31580.700      1.00e+01  1.0   2  ! MnIV
2504    53212.300      1.00e+01  1.0   3  ! MnIV
2504    53260.700      1.00e+01  1.0   3  ! MnIV
2504    53286.700      1.00e+01  1.0   3  ! MnIV
2504   111506.000      1.00e+01  2.0   3  ! MnIV
2504   111710.400      1.00e+01  2.0   3  ! MnIV
2504   112013.300      1.00e+01  2.0   3  ! MnIV
2504   112408.900      1.00e+01  2.0   3  ! MnIV
2504   112882.800      1.00e+01  2.0   3  ! MnIV
2504   119445.500      1.00e+01  1.0   3  ! MnIV
2504   119961.500      1.00e+01  1.0   3  ! MnIV
2504   120603.100      1.00e+01  1.0   3  ! MnIV
2504   130969.500      1.00e+01  1.0   4  ! MnIV
2504   131170.100      1.00e+01  1.0   4  ! MnIV
2504   131462.500      1.00e+01  1.0   4  ! MnIV
2504   137853.000      1.00e+01  1.0   5  ! MnIV
2504   137930.100      1.00e+01  1.0   5  ! MnIV
2504   138123.100      1.00e+01  1.0   5  ! MnIV
2504   152700.500      1.00e+01  1.0   3  ! MnIV
2504   152858.200      1.00e+01  1.0   3  ! MnIV
2504   152986.000      1.00e+01  1.0   3  ! MnIV
2504   167890.100      1.00e+01  2.0   4  ! MnIV
2504   168300.300      1.00e+01  2.0   4  ! MnIV
2504   168839.700      1.00e+01  2.0   4  ! MnIV
2504   169499.200      1.00e+01  2.0   4  ! MnIV
2504   170285.800      1.00e+01  2.0   4  ! MnIV
2504   170577.800      1.00e+01  1.0   2  ! MnIV
2504   172398.700      1.00e+01  1.0   2  ! MnIV
2504   172952.600      1.00e+01  1.0   2  ! MnIV
2504   170866.300      1.00e+01  2.0   2  ! MnIV
2504   171276.900      1.00e+01  2.0   2  ! MnIV
2504   171383.900      1.00e+01  2.0   2  ! MnIV
2504   171765.000      1.00e+01  2.0   2  ! MnIV
2504   171698.300      1.00e+01  2.0   3  ! MnIV
2504   172081.900      1.00e+01  2.0   3  ! MnIV
2504   172090.600      1.00e+01  2.0   3  ! MnIV
2504   172477.200      1.00e+01  2.0   3  ! MnIV
2504   172871.500      1.00e+01  2.0   3  ! MnIV
2504   175436.000      1.00e+01  1.0   4  ! MnIV
2504   175813.400      1.00e+01  1.0   4  ! MnIV
2504   176288.600      1.00e+01  1.0   4  ! MnIV
2504   177629.800      1.00e+01  1.0   3  ! MnIV
2504   178075.100      1.00e+01  1.0   3  ! MnIV
2504   178579.500      1.00e+01  1.0   3  ! MnIV
2504   184566.100      1.00e+01  2.0   1  ! MnIV
2504   184901.200      1.00e+01  2.0   1  ! MnIV
2504   185435.900      1.00e+01  2.0   1  ! MnIV
2504   186659.400      1.00e+01  1.0   5  ! MnIV
2504   187278.500      1.00e+01  1.0   5  ! MnIV
2504   188184.800      1.00e+01  1.0   5  ! MnIV
2504   187004.000      1.00e+01  2.0   2  ! MnIV
2504   187679.500      1.00e+01  2.0   2  ! MnIV
2504   188756.200      1.00e+01  1.0   4  ! MnIV
2504   189210.900      1.00e+01  1.0   4  ! MnIV
2504   189553.900      1.00e+01  1.0   4  ! MnIV
2504   190032.400      1.00e+01  1.0   3  ! MnIV
2504   190135.900      1.00e+01  1.0   3  ! MnIV
2504   190282.800      1.00e+01  1.0   3  ! MnIV
2504   192980.700      1.00e+01  1.0   2  ! MnIV
2504   193739.600      1.00e+01  1.0   2  ! MnIV
2504   194208.200      1.00e+01  1.0   2  ! MnIV
2504   193761.700      1.00e+01  1.0   5  ! MnIV
2504   193879.400      1.00e+01  1.0   5  ! MnIV
2504   194155.700      1.00e+01  1.0   5  ! MnIV
2504   195974.100      1.00e+01  1.0   6  ! MnIV
2504   196497.900      1.00e+01  1.0   6  ! MnIV
2504   197185.000      1.00e+01  1.0   6  ! MnIV
2504   197095.400      1.00e+01  1.0   2  ! MnIV
2504   197554.800      1.00e+01  1.0   2  ! MnIV
2504   197879.500      1.00e+01  1.0   2  ! MnIV
2504   200192.200      1.00e+01  1.0   4  ! MnIV
2504   200290.400      1.00e+01  1.0   4  ! MnIV
2504   200333.200      1.00e+01  1.0   4  ! MnIV
2504   209260.200      1.00e+01  1.0   3  ! MnIV
2504   209315.500      1.00e+01  1.0   3  ! MnIV
2504   209448.200      1.00e+01  1.0   3  ! MnIV
2504   212399.300      1.00e+01  1.0   4  ! MnIV
2504   212666.100      1.00e+01  1.0   4  ! MnIV
2504   212965.700      1.00e+01  1.0   4  ! MnIV
2504   248388.600      1.00e+01  2.0   5  ! MnIV
2504   248654.800      1.00e+01  2.0   5  ! MnIV
2504   248983.800      1.00e+01  2.0   5  ! MnIV
2504   249374.800      1.00e+01  2.0   5  ! MnIV
2504   249822.700      1.00e+01  2.0   5  ! MnIV
2604        0.000      1.00e+02  2.5   0  ! FeIV
2604    32245.500      1.00e+01  1.5   4  ! FeIV
2604    32292.800      1.00e+01  1.5   4  ! FeIV
2604    32301.200      1.00e+01  1.5   4  ! FeIV
2604    32305.700      1.00e+01  1.5   4  ! FeIV
2604    35253.800      1.00e+01  1.5   1  ! FeIV
2604    35333.300      1.00e+01  1.5   1  ! FeIV
2604    35406.600      1.00e+01  1.5   1  ! FeIV
2604    38779.400      1.00e+01  1.5   2  ! FeIV
2604    38896.700      1.00e+01  1.5   2  ! FeIV
2604    38935.100      1.00e+01  1.5   2  ! FeIV
2604    38938.200      1.00e+01  1.5   2  ! FeIV
2604    47078.600      1.00e+01  0.5   6  ! FeIV
2604    47090.500      1.00e+01  0.5   6  ! FeIV
2604    49541.500      1.00e+01  0.5   2  ! FeIV
2604    50051.400      1.00e+01  0.5   2  ! FeIV
2604    51394.200      1.00e+01  0.5   3  ! FeIV
2604    52166.700      1.00e+01  0.5   3  ! FeIV
2604    52620.700      1.00e+01  1.5   3  ! FeIV
2604    52695.400      1.00e+01  1.5   3  ! FeIV
2604    52837.100      1.00e+01  1.5   3  ! FeIV
2604    52838.000      1.00e+01  1.5   3  ! FeIV
2604    56058.300      1.00e+01  0.5   5  ! FeIV
2604    56368.800      1.00e+01  0.5   5  ! FeIV
2604    57408.000      1.00e+01  0.5   4  ! FeIV
2604    57721.200      1.00e+01  0.5   4  ! FeIV
2604    61156.500      1.00e+01  0.5   3  ! FeIV
2604    61254.400      1.00e+01  0.5   3  ! FeIV
2604    66720.100      1.00e+01  0.5   0  ! FeIV
2604    74096.600      1.00e+01  0.5   2  ! FeIV
2604    74133.100      1.00e+01  0.5   2  ! FeIV
2604    82894.900      1.00e+01  0.5   4  ! FeIV
2604    82897.300      1.00e+01  0.5   4  ! FeIV
2604   100118.000      1.00e+01  0.5   1  ! FeIV
2604   100126.000      1.00e+01  0.5   1  ! FeIV
2604   108242.100      1.00e+01  0.5   2  ! FeIV
2604   108258.300      1.00e+01  0.5   2  ! FeIV
2604   127766.150      1.00e+01  2.5   2  ! FeIV
2604   127929.120      1.00e+01  2.5   2  ! FeIV
2604   128191.540      1.00e+01  2.5   2  ! FeIV
2604   128541.850      1.00e+01  2.5   2  ! FeIV
2604   128967.670      1.00e+01  2.5   2  ! FeIV
2604   137700.810      1.00e+01  1.5   2  ! FeIV
2604   137949.290      1.00e+01  1.5   2  ! FeIV
2604   138338.830      1.00e+01  1.5   2  ! FeIV
2604   138844.030      1.00e+01  1.5   2  ! FeIV
2604   153651.740      1.00e+01  1.5   1  ! FeIV
2604   154474.850      1.00e+01  1.5   1  ! FeIV
2604   155744.870      1.00e+01  1.5   1  ! FeIV
2604   154185.850      1.00e+01  1.5   5  ! FeIV
2604   154325.960      1.00e+01  1.5   5  ! FeIV
2604   154512.670      1.00e+01  1.5   5  ! FeIV
2604   154731.290      1.00e+01  1.5   5  ! FeIV
2604   156012.290      1.00e+01  1.5   3  ! FeIV
2604   156049.320      1.00e+01  1.5   3  ! FeIV
2604   156123.770      1.00e+01  1.5   3  ! FeIV
2604   156224.880      1.00e+01  1.5   3  ! FeIV
2604   158738.690      1.00e+01  1.5   4  ! FeIV
2604   159010.390      1.00e+01  1.5   4  ! FeIV
2604   159227.900      1.00e+01  1.5   4  ! FeIV
2604   159342.880      1.00e+01  1.5   4  ! FeIV
2604   160015.880      1.00e+01  0.5   1  ! FeIV
2604   161571.590      1.00e+01  0.5   1  ! FeIV
2604   160311.640      1.00e+01  0.5   5  ! FeIV
2604   160778.600      1.00e+01  0.5   5  ! FeIV
2604   162074.420      1.00e+01  0.5   3  ! FeIV
2604   162087.810      1.00e+01  0.5   3  ! FeIV
2604   164950.500      1.00e+01  0.5   4  ! FeIV
2604   165392.580      1.00e+01  0.5   4  ! FeIV
2604   165493.100      1.00e+01  1.5   2  ! FeIV
2604   165600.960      1.00e+01  1.5   2  ! FeIV
2604   165720.940      1.00e+01  1.5   2  ! FeIV
2604   165804.470      1.00e+01  1.5   2  ! FeIV
2604   167712.500      1.00e+01  0.5   4  ! FeIV
2604   167795.920      1.00e+01  0.5   4  ! FeIV
2604   168526.370      1.00e+01  0.5   6  ! FeIV
2604   168566.430      1.00e+01  0.5   6  ! FeIV
2604   170729.490      1.00e+01  0.5   0  ! FeIV
2604   171345.330      1.00e+01  0.5   2  ! FeIV
2604   171476.390      1.00e+01  0.5   2  ! FeIV
2604   177005.970      1.00e+01  0.5   2  ! FeIV
2604   177066.720      1.00e+01  0.5   2  ! FeIV
2604   183159.610      1.00e+01  0.5   3  ! FeIV
2604   183164.490      1.00e+01  0.5   3  ! FeIV
2604   187878.810      1.00e+01  2.5   3  ! FeIV
2604   188086.050      1.00e+01  2.5   3  ! FeIV
2604   188428.780      1.00e+01  2.5   3  ! FeIV
2604   188904.550      1.00e+01  2.5   3  ! FeIV
2604   189515.880      1.00e+01  2.5   3  ! FeIV
2604   190276.850      1.00e+01  2.5   3  ! FeIV
2604   189885.110      1.00e+01  2.5   1  ! FeIV
2604   190008.280      1.00e+01  2.5   1  ! FeIV
2604   190226.870      1.00e+01  2.5   1  ! FeIV
2604   189975.010      1.00e+01  1.5   1  ! FeIV
2604   190811.790      1.00e+01  1.5   1  ! FeIV
2604   191337.820      1.00e+01  1.5   1  ! FeIV
2604   190318.340      1.00e+01  1.5   3  ! FeIV
2604   190406.450      1.00e+01  1.5   3  ! FeIV
2604   190424.140      1.00e+01  1.5   3  ! FeIV
2604   190435.470      1.00e+01  1.5   3  ! FeIV
2604   191021.180      1.00e+01  1.5   1  ! FeIV
2604   191694.110      1.00e+01  1.5   1  ! FeIV
2604   193549.250      1.00e+01  1.5   1  ! FeIV
2604   192595.280      1.00e+01  2.5   2  ! FeIV
2604   193120.340      1.00e+01  2.5   2  ! FeIV
2604   193271.270      1.00e+01  2.5   2  ! FeIV
2604   193386.170      1.00e+01  2.5   2  ! FeIV
2604   193789.190      1.00e+01  2.5   2  ! FeIV
2604   195864.150      1.00e+01  0.5   1  ! FeIV
2604   196875.620      1.00e+01  0.5   1  ! FeIV
2604   196131.190      1.00e+01  0.5   3  ! FeIV
2604   196220.710      1.00e+01  0.5   3  ! FeIV
2604   196186.880      1.00e+01  1.5   3  ! FeIV
2604   196334.630      1.00e+01  1.5   3  ! FeIV
2604   196549.590      1.00e+01  1.5   3  ! FeIV
2604   196846.820      1.00e+01  1.5   3  ! FeIV
2604   201178.050      1.00e+01  0.5   4  ! FeIV
2604   201212.220      1.00e+01  0.5   4  ! FeIV
2604   201919.380      1.00e+01  1.5   2  ! FeIV
2604   202085.220      1.00e+01  1.5   2  ! FeIV
2604   202328.530      1.00e+01  1.5   2  ! FeIV
2604   202608.330      1.00e+01  1.5   2  ! FeIV
2604   212135.790      1.00e+01  1.5   5  ! FeIV
2604   212374.040      1.00e+01  1.5   5  ! FeIV
2604   212714.370      1.00e+01  1.5   5  ! FeIV
2604   213162.590      1.00e+01  1.5   5  ! FeIV
2604   212812.660      1.00e+01  1.5   2  ! FeIV
2604   213445.050      1.00e+01  1.5   2  ! FeIV
2604   214317.210      1.00e+01  1.5   2  ! FeIV
2604   215220.670      1.00e+01  1.5   2  ! FeIV
2604   214821.740      1.00e+01  1.5   4  ! FeIV
2604   215033.810      1.00e+01  1.5   4  ! FeIV
2604   215385.230      1.00e+01  1.5   4  ! FeIV
2604   216002.720      1.00e+01  1.5   4  ! FeIV
2604   215155.690      1.00e+01  1.5   6  ! FeIV
2604   215808.910      1.00e+01  1.5   6  ! FeIV
2604   216367.800      1.00e+01  1.5   6  ! FeIV
2604   216877.830      1.00e+01  1.5   6  ! FeIV
2604   215860.500      1.00e+01  1.5   1  ! FeIV
2604   217031.890      1.00e+01  1.5   1  ! FeIV
2604   218023.810      1.00e+01  1.5   1  ! FeIV
2604   216111.690      1.00e+01  0.5   4  ! FeIV
2604   216428.440      1.00e+01  0.5   4  ! FeIV
2604   217466.190      1.00e+01  1.5   3  ! FeIV
2604   218478.360      1.00e+01  1.5   3  ! FeIV
2604   218601.030      1.00e+01  1.5   3  ! FeIV
2604   217607.710      1.00e+01  1.5   1  ! FeIV
2604   217845.290      1.00e+01  1.5   4  ! FeIV
2604   218159.770      1.00e+01  1.5   4  ! FeIV
2604   218238.510      1.00e+01  1.5   4  ! FeIV
2604   218375.120      1.00e+01  1.5   4  ! FeIV
2604   218195.660      1.00e+01  1.5   3  ! FeIV
2604   218613.880      1.00e+01  0.5   1  ! FeIV
2604   218871.210      1.00e+01  0.5   2  ! FeIV
2604   219091.670      1.00e+01  0.5   2  ! FeIV
2604   219333.900      1.00e+01  0.5   1  ! FeIV
2604   220360.440      1.00e+01  0.5   1  ! FeIV
2604   219564.460      1.00e+01  0.5   6  ! FeIV
2604   219640.760      1.00e+01  0.5   6  ! FeIV
2604   219590.840      1.00e+01  1.5   2  ! FeIV
2604   219700.530      1.00e+01  1.5   2  ! FeIV
2604   219826.610      1.00e+01  1.5   2  ! FeIV
2604   220059.330      1.00e+01  1.5   2  ! FeIV
2604   220197.250      1.00e+01  0.5   3  ! FeIV
2604   220649.220      1.00e+01  0.5   3  ! FeIV
2604   220461.330      1.00e+01  0.5   5  ! FeIV
2604   221161.020      1.00e+01  0.5   5  ! FeIV
2604   220658.040      1.00e+01  1.5   5  ! FeIV
2604   221104.170      1.00e+01  1.5   5  ! FeIV
2604   221647.490      1.00e+01  1.5   5  ! FeIV
2604   222154.990      1.00e+01  1.5   5  ! FeIV
2604   221219.290      1.00e+01  1.5   3  ! FeIV
2604   221239.210      1.00e+01  1.5   3  ! FeIV
2604   221320.540      1.00e+01  1.5   3  ! FeIV
2604   221346.060      1.00e+01  1.5   3  ! FeIV
2604   222020.090      1.00e+01  0.5   2  ! FeIV
2604   222880.230      1.00e+01  0.5   2  ! FeIV
2604   222840.580      1.00e+01  0.5   2  ! FeIV
2604   222851.680      1.00e+01  0.5   2  ! FeIV
2604   223398.620      1.00e+01  0.5   4  ! FeIV
2604   223478.960      1.00e+01  0.5   3  ! FeIV
2604   224046.020      1.00e+01  0.5   3  ! FeIV
2604   223550.140      1.00e+01  0.5   5  ! FeIV
2604   223745.820      1.00e+01  0.5   5  ! FeIV
2604   223629.590      1.00e+01  1.5   4  ! FeIV
2604   224045.960      1.00e+01  1.5   4  ! FeIV
2604   224230.600      1.00e+01  1.5   4  ! FeIV
2604   224576.430      1.00e+01  1.5   4  ! FeIV
2604   224870.850      1.00e+01  1.5   4  ! FeIV
2604   226851.930      1.00e+01  1.5   2  ! FeIV
2604   226892.100      1.00e+01  1.5   2  ! FeIV
2604   226983.580      1.00e+01  1.5   2  ! FeIV
2604   227258.800      1.00e+01  1.5   2  ! FeIV
2604   227604.730      1.00e+01  0.5   4  ! FeIV
2604   227660.250      1.00e+01  0.5   4  ! FeIV
2604   227919.050      1.00e+01  1.5   1  ! FeIV
2604   228589.670      1.00e+01  1.5   1  ! FeIV
2604   229037.020      1.00e+01  1.5   1  ! FeIV
2604   228193.670      1.00e+01  0.5   3  ! FeIV
2604   229138.900      1.00e+01  0.5   3  ! FeIV
2604   228204.330      1.00e+01  0.5   6  ! FeIV
2604   228315.030      1.00e+01  0.5   6  ! FeIV
2604   228793.860      1.00e+01  0.5   5  ! FeIV
2604   229306.610      1.00e+01  0.5   5  ! FeIV
2604   228862.610      1.00e+01  1.5   3  ! FeIV
2604   229062.580      1.00e+01  1.5   3  ! FeIV
2604   229288.020      1.00e+01  1.5   3  ! FeIV
2604   229494.740      1.00e+01  1.5   3  ! FeIV
2604   228946.590      1.00e+01  0.5   1  ! FeIV
2604   233786.720      1.00e+01  0.5   1  ! FeIV
2604   229428.910      1.00e+01  0.5   1  ! FeIV
2604   233927.120      1.00e+01  0.5   1  ! FeIV
2604   229472.830      1.00e+01  0.5   7  ! FeIV
2604   230195.020      1.00e+01  0.5   7  ! FeIV
2604   231473.320      1.00e+01  0.5   4  ! FeIV
2604   231804.000      1.00e+01  0.5   4  ! FeIV
2604   233272.840      1.00e+01  0.5   5  ! FeIV
2604   233802.120      1.00e+01  0.5   5  ! FeIV
2604   233780.860      1.00e+01  0.5   3  ! FeIV
2604   234106.720      1.00e+01  0.5   3  ! FeIV
2604   234472.000      1.00e+01  0.5   2  ! FeIV
2604   234984.350      1.00e+01  0.5   2  ! FeIV
2604   236918.790      1.00e+01  0.5   2  ! FeIV
2604   237283.090      1.00e+01  0.5   2  ! FeIV
2604   238512.840      1.00e+01  0.5   3  ! FeIV
2604   239071.400      1.00e+01  0.5   3  ! FeIV
2604   242259.250      1.00e+01  0.5   1  ! FeIV
2604   242614.600      1.00e+01  0.5   3  ! FeIV
2604   242965.620      1.00e+01  0.5   3  ! FeIV
2604   244759.250      1.00e+01  0.5   4  ! FeIV
2604   245742.290      1.00e+01  0.5   4  ! FeIV
2604   246990.800      1.00e+01  0.5   2  ! FeIV
2604   248077.970      1.00e+01  0.5   2  ! FeIV
2604   250195.070      1.00e+01  1.5   3  ! FeIV
2604   250249.390      1.00e+01  1.5   3  ! FeIV
2604   250279.060      1.00e+01  1.5   3  ! FeIV
2604   250502.290      1.00e+01  1.5   3  ! FeIV
2604   250891.050      1.00e+01  1.5   1  ! FeIV
2604   251156.940      1.00e+01  1.5   1  ! FeIV
2604   251958.940      1.00e+01  1.5   1  ! FeIV
2604   251014.020      1.00e+01  1.5   2  ! FeIV
2604   251658.340      1.00e+01  1.5   2  ! FeIV
2604   251984.200      1.00e+01  1.5   2  ! FeIV
2604   251944.030      1.00e+01  1.5   2  ! FeIV
2604   252884.480      1.00e+01  1.5   4  ! FeIV
2604   253254.370      1.00e+01  1.5   4  ! FeIV
2604   253827.430      1.00e+01  1.5   4  ! FeIV
2604   254164.840      1.00e+01  1.5   4  ! FeIV
2604   253575.650      1.00e+01  0.5   2  ! FeIV
2604   253868.430      1.00e+01  0.5   2  ! FeIV
2604   253923.590      1.00e+01  0.5   3  ! FeIV
2604   254169.130      1.00e+01  0.5   3  ! FeIV
2604   257503.260      1.00e+01  1.5   0  ! FeIV
2604   258566.020      1.00e+01  0.5   4  ! FeIV
2604   259039.720      1.00e+01  0.5   4  ! FeIV
2604   258591.920      1.00e+01  1.5   2  ! FeIV
2604   258986.640      1.00e+01  1.5   2  ! FeIV
2604   259183.820      1.00e+01  1.5   2  ! FeIV
2604   259254.340      1.00e+01  1.5   2  ! FeIV
2604   259011.480      1.00e+01  0.5   1  ! FeIV
2604   259581.640      1.00e+01  0.5   1  ! FeIV
2604   262348.360      1.00e+01  0.5   0  ! FeIV
2604   262557.770      1.00e+01  0.5   5  ! FeIV
2604   264011.540      1.00e+01  0.5   5  ! FeIV
2604   262995.010      1.00e+01  0.5   4  ! FeIV
2604   263876.910      1.00e+01  0.5   4  ! FeIV
2604   265084.770      1.00e+01  0.5   3  ! FeIV
2604   265369.480      1.00e+01  0.5   3  ! FeIV
2604   266181.090      1.00e+01  0.5   2  ! FeIV
2604   266335.240      1.00e+01  0.5   2  ! FeIV
2604   280758.370      1.00e+01  0.5   1  ! FeIV
2604   281446.300      1.00e+01  0.5   1  ! FeIV
2604   285052.770      1.00e+01  0.5   3  ! FeIV
2604   286084.720      1.00e+01  0.5   3  ! FeIV
2604   289400.720      1.00e+01  0.5   2  ! FeIV
2604   289818.770      1.00e+01  0.5   2  ! FeIV
2605        0.000      1.00e+01  2.0   2  ! FeV
2605      142.400      1.00e+01  2.0   2  ! FeV
2605      417.500      1.00e+01  2.0   2  ! FeV
2605      803.100      1.00e+01  2.0   2  ! FeV
2605     1282.700      1.00e+01  2.0   2  ! FeV
2605    24055.500      1.00e+01  1.0   1  ! FeV
2605    24972.800      1.00e+01  1.0   1  ! FeV
2605    26468.200      1.00e+01  1.0   1  ! FeV
2605    24932.400      1.00e+01  1.0   5  ! FeV
2605    25225.500      1.00e+01  1.0   5  ! FeV
2605    25528.400      1.00e+01  1.0   5  ! FeV
2605    26760.700      1.00e+01  1.0   3  ! FeV
2605    26842.300      1.00e+01  1.0   3  ! FeV
2605    26973.700      1.00e+01  1.0   3  ! FeV
2605    29817.100      1.00e+01  1.0   4  ! FeV
2605    30147.200      1.00e+01  1.0   4  ! FeV
2605    30429.900      1.00e+01  1.0   4  ! FeV
2605    36585.600      1.00e+01  0.0   4  ! FeV
2605    36630.000      1.00e+01  1.0   2  ! FeV
2605    36758.200      1.00e+01  1.0   2  ! FeV
2605    36925.200      1.00e+01  1.0   2  ! FeV
2605    37511.600      1.00e+01  0.0   6  ! FeV
2605    39633.000      1.00e+01  0.0   0  ! FeV
2605    46291.100      1.00e+01  0.0   2  ! FeV
2605    52732.600      1.00e+01  0.0   3  ! FeV
2605    61854.100      1.00e+01  1.0   1  ! FeV
2605    62914.100      1.00e+01  1.0   1  ! FeV
2605    63419.800      1.00e+01  1.0   1  ! FeV
2605    62238.000      1.00e+01  1.0   3  ! FeV
2605    62321.100      1.00e+01  1.0   3  ! FeV
2605    62364.300      1.00e+01  1.0   3  ! FeV
2605    71280.300      1.00e+01  0.0   4  ! FeV
2605    93832.500      1.00e+01  0.0   2  ! FeV
2605   121130.100      1.00e+01  0.0   0  ! FeV
2605   186433.760      1.00e+01  2.0   3  ! FeV
2605   186725.710      1.00e+01  2.0   3  ! FeV
2605   187157.650      1.00e+01  2.0   3  ! FeV
2605   187719.040      1.00e+01  2.0   3  ! FeV
2605   188395.370      1.00e+01  2.0   3  ! FeV
2605   195196.470      1.00e+01  1.0   3  ! FeV
2605   195933.160      1.00e+01  1.0   3  ! FeV
2605   196838.700      1.00e+01  1.0   3  ! FeV
2605   204729.740      1.00e+01  2.0   1  ! FeV
2605   204975.190      1.00e+01  2.0   1  ! FeV
2605   205536.210      1.00e+01  2.0   1  ! FeV
2605   208837.950      1.00e+01  1.0   4  ! FeV
2605   209109.880      1.00e+01  1.0   4  ! FeV
2605   209523.710      1.00e+01  1.0   4  ! FeV
2605   212541.950      1.00e+01  1.0   1  ! FeV
2605   212817.950      1.00e+01  1.0   1  ! FeV
2605   213649.030      1.00e+01  1.0   1  ! FeV
2605   213533.850      1.00e+01  0.0   4  ! FeV
2605   214525.590      1.00e+01  1.0   1  ! FeV
2605   214611.270      1.00e+01  1.0   1  ! FeV
2605   214895.320      1.00e+01  1.0   1  ! FeV
2605   215782.440      1.00e+01  1.0   2  ! FeV
2605   216537.950      1.00e+01  1.0   2  ! FeV
2605   216651.970      1.00e+01  1.0   2  ! FeV
2605   216779.130      1.00e+01  1.0   5  ! FeV
2605   216860.230      1.00e+01  1.0   5  ! FeV
2605   217122.300      1.00e+01  1.0   5  ! FeV
2605   219486.730      1.00e+01  0.0   1  ! FeV
2605   220620.760      1.00e+01  0.0   2  ! FeV
2605   221304.880      1.00e+01  0.0   5  ! FeV
2605   233633.450      1.00e+01  1.0   3  ! FeV
2605   233848.740      1.00e+01  1.0   3  ! FeV
2605   234027.150      1.00e+01  1.0   3  ! FeV
2605   237729.260      1.00e+01  0.0   3  ! FeV
2605   254803.500      1.00e+01  2.0   4  ! FeV
2605   255399.380      1.00e+01  2.0   4  ! FeV
2605   256177.970      1.00e+01  2.0   4  ! FeV
2605   257137.990      1.00e+01  2.0   4  ! FeV
2605   258297.440      1.00e+01  2.0   4  ! FeV
2605   257742.430      1.00e+01  1.0   2  ! FeV
2605   260411.590      1.00e+01  1.0   2  ! FeV
2605   261179.730      1.00e+01  1.0   2  ! FeV
2605   258128.690      1.00e+01  2.0   2  ! FeV
2605   258619.690      1.00e+01  2.0   2  ! FeV
2605   258680.100      1.00e+01  2.0   2  ! FeV
2605   258891.520      1.00e+01  2.0   2  ! FeV
2605   259344.970      1.00e+01  2.0   2  ! FeV
2605   258434.390      1.00e+01  1.0   2  ! FeV
2605   258628.650      1.00e+01  1.0   2  ! FeV
2605   258769.650      1.00e+01  1.0   2  ! FeV
2605   259376.310      1.00e+01  2.0   3  ! FeV
2605   259954.980      1.00e+01  2.0   3  ! FeV
2605   259995.440      1.00e+01  2.0   3  ! FeV
2605   260521.140      1.00e+01  2.0   3  ! FeV
2605   261052.010      1.00e+01  2.0   3  ! FeV
2605   262509.110      1.00e+01  0.0   2  ! FeV
2605   263898.710      1.00e+01  1.0   4  ! FeV
2605   264434.150      1.00e+01  1.0   4  ! FeV
2605   265112.770      1.00e+01  1.0   4  ! FeV
2605   266612.930      1.00e+01  1.0   3  ! FeV
2605   267240.500      1.00e+01  1.0   3  ! FeV
2605   267928.540      1.00e+01  1.0   3  ! FeV
2605   273642.900      1.00e+01  2.0   1  ! FeV
2605   274135.920      1.00e+01  2.0   1  ! FeV
2605   274929.800      1.00e+01  2.0   1  ! FeV
2605   274753.030      1.00e+01  1.0   1  ! FeV
2605   275374.100      1.00e+01  1.0   1  ! FeV
2605   276765.790      1.00e+01  1.0   1  ! FeV
2605   275146.520      1.00e+01  2.0   2  ! FeV
2605   276434.820      1.00e+01  2.0   2  ! FeV
2605   276759.060      1.00e+01  2.0   2  ! FeV
2605   277068.370      1.00e+01  2.0   2  ! FeV
2605   278075.580      1.00e+01  2.0   2  ! FeV
2605   276429.400      1.00e+01  1.0   5  ! FeV
2605   277292.480      1.00e+01  1.0   5  ! FeV
2605   278650.470      1.00e+01  1.0   5  ! FeV
2605   278793.990      1.00e+01  1.0   4  ! FeV
2605   279502.430      1.00e+01  1.0   4  ! FeV
2605   280039.490      1.00e+01  1.0   4  ! FeV
2605   279667.000      1.00e+01  0.0   0  ! FeV
2605   280366.940      1.00e+01  1.0   3  ! FeV
2605   280539.570      1.00e+01  1.0   3  ! FeV
2605   280831.940      1.00e+01  1.0   3  ! FeV
2605   281944.770      1.00e+01  1.0   1  ! FeV
2605   282234.350      1.00e+01  1.0   1  ! FeV
2605   290406.900      1.00e+01  1.0   1  ! FeV
2605   282037.700      1.00e+01  0.0   4  ! FeV
2605   282423.240      1.00e+01  2.0   0  ! FeV
2605   282571.380      1.00e+01  0.0   3  ! FeV
2605   282604.810      1.00e+01  0.0   2  ! FeV
2605   282871.560      1.00e+01  0.0   5  ! FeV
2605   283686.140      1.00e+01  1.0   1  ! FeV
2605   290583.590      1.00e+01  1.0   1  ! FeV
2605   290903.400      1.00e+01  1.0   1  ! FeV
2605   283753.890      1.00e+01  1.0   2  ! FeV
2605   284911.020      1.00e+01  1.0   2  ! FeV
2605   285474.050      1.00e+01  1.0   2  ! FeV
2605   284690.310      1.00e+01  1.0   5  ! FeV
2605   284790.490      1.00e+01  1.0   5  ! FeV
2605   285195.840      1.00e+01  1.0   5  ! FeV
2605   285961.440      1.00e+01  0.0   1  ! FeV
2605   286154.590      1.00e+01  1.0   3  ! FeV
2605   287620.170      1.00e+01  1.0   3  ! FeV
2605   286187.520      1.00e+01  1.0   0  ! FeV
2605   286431.110      1.00e+01  1.0   2  ! FeV
2605   286855.150      1.00e+01  1.0   2  ! FeV
2605   286862.550      1.00e+01  1.0   2  ! FeV
2605   287109.430      1.00e+01  1.0   3  ! FeV
2605   287440.380      1.00e+01  1.0   6  ! FeV
2605   288167.020      1.00e+01  1.0   6  ! FeV
2605   289171.640      1.00e+01  1.0   6  ! FeV
2605   288669.490      1.00e+01  1.0   2  ! FeV
2605   289389.540      1.00e+01  1.0   2  ! FeV
2605   289912.850      1.00e+01  1.0   2  ! FeV
2605   289546.000      1.00e+01  0.0   4  ! FeV
2605   290098.820      1.00e+01  0.0   5  ! FeV
2605   291231.280      1.00e+01  0.0   3  ! FeV
2605   292287.310      1.00e+01  1.0   4  ! FeV
2605   292430.640      1.00e+01  1.0   4  ! FeV
2605   292513.090      1.00e+01  1.0   4  ! FeV
2605   292365.630      1.00e+01  0.0   6  ! FeV
2605   294643.940      1.00e+01  1.0   0  ! FeV
2605   295716.180      1.00e+01  0.0   2  ! FeV
2605   295973.000      1.00e+01  0.0   1  ! FeV
2605   302292.470      1.00e+01  1.0   3  ! FeV
2605   302376.790      1.00e+01  1.0   3  ! FeV
2605   302602.330      1.00e+01  1.0   3  ! FeV
2605   306193.810      1.00e+01  1.0   4  ! FeV
2605   306622.680      1.00e+01  1.0   4  ! FeV
2605   307064.140      1.00e+01  1.0   4  ! FeV
2605   307288.720      1.00e+01  1.0   2  ! FeV
2605   308164.830      1.00e+01  1.0   2  ! FeV
2605   308671.290      1.00e+01  1.0   2  ! FeV
2605   307644.030      1.00e+01  0.0   2  ! FeV
2605   311180.670      1.00e+01  0.0   4  ! FeV
2605   311538.430      1.00e+01  0.0   3  ! FeV
2605   327534.020      1.00e+01  1.0   2  ! FeV
2605   327605.700      1.00e+01  1.0   2  ! FeV
2605   327924.580      1.00e+01  1.0   2  ! FeV
2605   329848.380      1.00e+01  0.0   2  ! FeV
2605   331333.770      1.00e+01  1.0   3  ! FeV
2605   331367.300      1.00e+01  1.0   3  ! FeV
2605   332017.590      1.00e+01  1.0   3  ! FeV
2605   334509.160      1.00e+01  1.0   1  ! FeV
2605   335267.930      1.00e+01  1.0   1  ! FeV
2605   335642.730      1.00e+01  1.0   1  ! FeV
2605   335947.220      1.00e+01  0.0   3  ! FeV
2605   342462.100      1.00e+01  0.0   1  ! FeV
2605   356468.000      1.00e+01  2.0   5  ! FeV
2605   357028.200      1.00e+01  2.0   5  ! FeV
2605   357328.900      1.00e+01  2.0   5  ! FeV
2605   357891.400      1.00e+01  2.0   5  ! FeV
2605   358532.800      1.00e+01  2.0   5  ! FeV
2605   357849.300      1.00e+01  2.0   1  ! FeV
2605   357972.900      1.00e+01  2.0   3  ! FeV
2605   358208.200      1.00e+01  2.0   3  ! FeV
2605   358425.700      1.00e+01  2.0   3  ! FeV
2605   358830.800      1.00e+01  2.0   3  ! FeV
2605   359383.200      1.00e+01  2.0   3  ! FeV
2605   358757.000      1.00e+01  2.0   4  ! FeV
2605   359146.400      1.00e+01  2.0   4  ! FeV
2605   359588.000      1.00e+01  2.0   4  ! FeV
2605   360064.300      1.00e+01  2.0   4  ! FeV
2605   360459.700      1.00e+01  2.0   4  ! FeV
2605   359461.900      1.00e+01  1.0   2  ! FeV
2605   363754.100      1.00e+01  1.0   5  ! FeV
2605   364457.900      1.00e+01  1.0   5  ! FeV
2605   365284.400      1.00e+01  1.0   5  ! FeV
2605   364455.200      1.00e+01  1.0   4  ! FeV
2605   365245.000      1.00e+01  1.0   4  ! FeV
2605   366154.600      1.00e+01  1.0   4  ! FeV
2605   364664.200      1.00e+01  1.0   1  ! FeV
2605   365556.000      1.00e+01  1.0   3  ! FeV
2605   366018.100      1.00e+01  1.0   3  ! FeV
2605   366564.300      1.00e+01  1.0   3  ! FeV
2605   367229.500      1.00e+01  2.0   2  ! FeV
2605   367355.500      1.00e+01  2.0   2  ! FeV
2605   367602.800      1.00e+01  2.0   2  ! FeV
2605   367965.100      1.00e+01  2.0   2  ! FeV
2605   368433.600      1.00e+01  2.0   2  ! FeV
2605   376991.100      1.00e+01  2.0   3  ! FeV
2605   377102.900      1.00e+01  2.0   3  ! FeV
2605   377278.200      1.00e+01  2.0   3  ! FeV
2605   377577.400      1.00e+01  2.0   3  ! FeV
2605   378061.600      1.00e+01  2.0   3  ! FeV
2605   377294.000      1.00e+01  1.0   2  ! FeV
2605   377537.600      1.00e+01  1.0   2  ! FeV
2605   377682.830      1.00e+01  1.0   2  ! FeV
2605   378173.800      1.00e+01  1.0   6  ! FeV
2605   378685.200      1.00e+01  1.0   6  ! FeV
2605   379270.500      1.00e+01  1.0   6  ! FeV
2605   378657.830      1.00e+01  0.0   5  ! FeV
2605   378763.200      1.00e+01  1.0   4  ! FeV
2605   378831.600      1.00e+01  1.0   4  ! FeV
2605   379110.360      1.00e+01  1.0   4  ! FeV
2605   379617.460      1.00e+01  2.0   1  ! FeV
2605   379726.810      1.00e+01  2.0   1  ! FeV
2605   379874.400      1.00e+01  2.0   1  ! FeV
2605   379817.200      1.00e+01  1.0   5  ! FeV
2605   380397.200      1.00e+01  1.0   5  ! FeV
2605   380736.600      1.00e+01  1.0   5  ! FeV
2605   381056.500      1.00e+01  2.0   2  ! FeV
2605   381163.300      1.00e+01  2.0   2  ! FeV
2605   381334.200      1.00e+01  2.0   2  ! FeV
2605   381531.700      1.00e+01  2.0   2  ! FeV
2605   381707.500      1.00e+01  2.0   2  ! FeV
2605   381546.600      1.00e+01  1.0   3  ! FeV
2605   383400.860      1.00e+01  1.0   3  ! FeV
2605   381999.700      1.00e+01  1.0   2  ! FeV
2605   382105.610      1.00e+01  1.0   2  ! FeV
2605   382342.300      1.00e+01  1.0   3  ! FeV
2605   382925.400      1.00e+01  1.0   3  ! FeV
2605   393347.800      1.00e+01  1.0   3  ! FeV
2605   382452.200      1.00e+01  1.0   3  ! FeV
2605   393839.200      1.00e+01  1.0   3  ! FeV
2605   394167.100      1.00e+01  1.0   3  ! FeV
2605   384523.580      1.00e+01  0.0   4  ! FeV
2605   384979.400      1.00e+01  1.0   6  ! FeV
2605   385218.400      1.00e+01  1.0   6  ! FeV
2605   385449.900      1.00e+01  1.0   6  ! FeV
2605   385007.980      1.00e+01  0.0   3  ! FeV
2605   385183.600      1.00e+01  1.0   1  ! FeV
2605   385366.930      1.00e+01  0.0   5  ! FeV
2605   385938.000      1.00e+01  1.0   2  ! FeV
2605   386649.360      1.00e+01  1.0   4  ! FeV
2605   386718.300      1.00e+01  1.0   4  ! FeV
2605   386896.100      1.00e+01  1.0   4  ! FeV
2605   387843.200      1.00e+01  1.0   3  ! FeV
2605   388400.500      1.00e+01  1.0   3  ! FeV
2605   388029.500      1.00e+01  1.0   7  ! FeV
2605   388366.100      1.00e+01  1.0   7  ! FeV
2605   388885.400      1.00e+01  1.0   7  ! FeV
2605   388208.800      1.00e+01  1.0   1  ! FeV
2605   390022.600      1.00e+01  0.0   4  ! FeV
2605   390174.200      1.00e+01  0.0   3  ! FeV
2605   390307.800      1.00e+01  0.0   7  ! FeV
2605   392772.390      1.00e+01  1.0   4  ! FeV
2605   393010.300      1.00e+01  1.0   4  ! FeV
2605   393894.900      1.00e+01  1.0   4  ! FeV
2605   394443.400      1.00e+01  2.0   3  ! FeV
2605   394683.200      1.00e+01  2.0   3  ! FeV
2605   395055.000      1.00e+01  2.0   3  ! FeV
2605   395774.200      1.00e+01  2.0   3  ! FeV
2605   396432.700      1.00e+01  2.0   3  ! FeV
2605   395049.700      1.00e+01  1.0   3  ! FeV
2605   395348.800      1.00e+01  1.0   3  ! FeV
2605   395744.600      1.00e+01  1.0   3  ! FeV
2605   395439.000      1.00e+01  1.0   5  ! FeV
2605   395695.900      1.00e+01  1.0   5  ! FeV
2605   395802.200      1.00e+01  1.0   5  ! FeV
2605   396391.800      1.00e+01  1.0   1  ! FeV
2605   396406.500      1.00e+01  1.0   2  ! FeV
2605   396976.300      1.00e+01  1.0   2  ! FeV
2605   397108.900      1.00e+01  1.0   2  ! FeV
2605   397961.500      1.00e+01  1.0   3  ! FeV
2605   398600.500      1.00e+01  1.0   3  ! FeV
2605   399457.300      1.00e+01  1.0   3  ! FeV
2605   398857.000      1.00e+01  0.0   3  ! FeV
2605   400384.300      1.00e+01  0.0   4  ! FeV
2605   400479.200      1.00e+01  0.0   2  ! FeV
2605   402222.700      1.00e+01  0.0   6  ! FeV
2605   406411.900      1.00e+01  1.0   5  ! FeV
2605   406462.500      1.00e+01  1.0   5  ! FeV
2605   406771.000      1.00e+01  1.0   5  ! FeV
2605   406754.000      1.00e+01  1.0   4  ! FeV
2605   406923.800      1.00e+01  1.0   4  ! FeV
2605   407724.500      1.00e+01  1.0   2  ! FeV
2605   408953.800      1.00e+01  1.0   3  ! FeV
2605   412172.200      1.00e+01  0.0   3  ! FeV
2605   413059.200      1.00e+01  2.0   1  ! FeV
2605   413289.100      1.00e+01  2.0   1  ! FeV
2605   413889.600      1.00e+01  2.0   1  ! FeV
2605   415576.600      1.00e+01  1.0   4  ! FeV
2605   415786.900      1.00e+01  1.0   4  ! FeV
2605   416272.600      1.00e+01  1.0   4  ! FeV
2605   415667.400      1.00e+01  1.0   1  ! FeV
2605   415912.300      1.00e+01  0.0   2  ! FeV
2605   417092.000      1.00e+01  0.0   4  ! FeV
2605   419506.200      1.00e+01  0.0   4  ! FeV
2605   423325.700      1.00e+01  1.0   2  ! FeV
2605   423422.900      1.00e+01  1.0   2  ! FeV
2605   423605.600      1.00e+01  1.0   5  ! FeV
2605   423765.600      1.00e+01  1.0   5  ! FeV
2605   424066.000      1.00e+01  1.0   5  ! FeV
2605   425255.800      1.00e+01  0.0   5  ! FeV
2605   429422.200      1.00e+01  1.0   2  ! FeV
2605   431349.400      1.00e+01  1.0   4  ! FeV
2605   431529.000      1.00e+01  1.0   4  ! FeV
2605   431659.400      1.00e+01  1.0   4  ! FeV
2605   434040.400      1.00e+01  1.0   3  ! FeV
2605   434122.300      1.00e+01  1.0   3  ! FeV
2605   436209.000      1.00e+01  1.0   1  ! FeV
2605   437400.700      1.00e+01  0.0   4  ! FeV
2605   440953.000      1.00e+01  1.0   3  ! FeV
2605   441138.200      1.00e+01  1.0   3  ! FeV
2605   441334.300      1.00e+01  1.0   3  ! FeV
2605   442499.700      1.00e+01  0.0   3  ! FeV
2804        0.000      4.00e+03  1.5   3  ! NiIV
2804    18118.600      1.00e+01  1.5   1  ! NiIV
2804    18366.800      1.00e+01  1.5   1  ! NiIV
2804    18958.400      1.00e+01  1.5   1  ! NiIV
2804    19829.600      1.00e+01  0.5   4  ! NiIV
2804    20947.600      1.00e+01  0.5   4  ! NiIV
2804    23648.900      1.00e+01  0.5   1  ! NiIV
2804    24651.400      1.00e+01  0.5   1  ! NiIV
2804    26649.100      1.00e+01  0.5   5  ! NiIV
2804    27677.600      1.00e+01  0.5   5  ! NiIV
2804    27096.500      1.00e+01  0.5   2  ! NiIV
2804    28777.700      1.00e+01  0.5   2  ! NiIV
2804    43437.500      1.00e+01  0.5   3  ! NiIV
2804    43858.600      1.00e+01  0.5   3  ! NiIV
2804    67360.000      1.00e+01  0.5   2  ! NiIV
2804    67989.800      1.00e+01  0.5   2  ! NiIV
2804   110410.600      1.00e+01  2.5   2  ! NiIV
2804   111195.800      1.00e+01  2.5   2  ! NiIV
2804   111763.300      1.00e+01  2.5   2  ! NiIV
2804   112151.900      1.00e+01  2.5   2  ! NiIV
2804   112379.300      1.00e+01  2.5   2  ! NiIV
2804   120909.500      1.00e+01  1.5   2  ! NiIV
2804   121807.700      1.00e+01  1.5   2  ! NiIV
2804   122386.100      1.00e+01  1.5   2  ! NiIV
2804   122717.400      1.00e+01  1.5   2  ! NiIV
2804   138446.200      1.00e+01  1.5   1  ! NiIV
2804   140343.000      1.00e+01  1.5   1  ! NiIV
2804   141561.200      1.00e+01  1.5   1  ! NiIV
2804   139289.400      1.00e+01  1.5   5  ! NiIV
2804   139619.200      1.00e+01  1.5   5  ! NiIV
2804   139886.700      1.00e+01  1.5   5  ! NiIV
2804   140140.900      1.00e+01  1.5   5  ! NiIV
2804   141220.300      1.00e+01  1.5   3  ! NiIV
2804   141577.200      1.00e+01  1.5   3  ! NiIV
2804   141832.000      1.00e+01  1.5   3  ! NiIV
2804   142023.500      1.00e+01  1.5   3  ! NiIV
2804   144815.100      1.00e+01  1.5   4  ! NiIV
2804   145702.200      1.00e+01  1.5   4  ! NiIV
2804   146061.500      1.00e+01  1.5   4  ! NiIV
2804   146153.800      1.00e+01  1.5   4  ! NiIV
2804   145192.100      1.00e+01  0.5   1  ! NiIV
2804   145962.500      1.00e+01  0.5   5  ! NiIV
2804   146194.300      1.00e+01  0.5   5  ! NiIV
2804   147635.900      1.00e+01  0.5   3  ! NiIV
2804   148358.200      1.00e+01  0.5   3  ! NiIV
2804   151574.700      1.00e+01  0.5   4  ! NiIV
2804   152343.700      1.00e+01  0.5   4  ! NiIV
2804   153313.800      1.00e+01  1.5   2  ! NiIV
2804   153338.800      1.00e+01  1.5   2  ! NiIV
2804   153349.400      1.00e+01  1.5   2  ! NiIV
2804   153533.600      1.00e+01  1.5   2  ! NiIV
2804   155253.700      1.00e+01  0.5   6  ! NiIV
2804   155308.700      1.00e+01  0.5   6  ! NiIV
2804   156294.000      1.00e+01  0.5   4  ! NiIV
2804   156351.200      1.00e+01  0.5   4  ! NiIV
2804   159498.500      1.00e+01  0.5   2  ! NiIV
2804   159818.400      1.00e+01  0.5   2  ! NiIV
2804   171406.000      1.00e+01  0.5   3  ! NiIV
2804   171408.000      1.00e+01  0.5   3  ! NiIV
2804   175569.500      1.00e+01  2.5   2  ! NiIV
2804   175869.100      1.00e+01  2.5   2  ! NiIV
2804   176247.100      1.00e+01  2.5   2  ! NiIV
2804   176554.400      1.00e+01  2.5   2  ! NiIV
2804   176749.000      1.00e+01  2.5   2  ! NiIV
2804   179583.000      1.00e+01  1.5   3  ! NiIV
2804   179655.000      1.00e+01  1.5   3  ! NiIV
2804   179724.000      1.00e+01  1.5   3  ! NiIV
2804   179792.000      1.00e+01  1.5   3  ! NiIV
2804   181931.500      1.00e+01  2.5   3  ! NiIV
2804   182044.900      1.00e+01  2.5   3  ! NiIV
2804   182125.600      1.00e+01  2.5   3  ! NiIV
2804   182206.800      1.00e+01  2.5   3  ! NiIV
2804   182259.900      1.00e+01  2.5   3  ! NiIV
2804   182288.400      1.00e+01  2.5   3  ! NiIV
2804   184099.100      1.00e+01  2.5   1  ! NiIV
2804   185505.300      1.00e+01  2.5   1  ! NiIV
2804   186441.400      1.00e+01  2.5   1  ! NiIV
2804   185890.000      1.00e+01  1.5   2  ! NiIV
2804   186516.100      1.00e+01  1.5   2  ! NiIV
2804   186957.200      1.00e+01  1.5   2  ! NiIV
2804   187225.700      1.00e+01  1.5   2  ! NiIV
2804   185967.000      1.00e+01  0.5   3  ! NiIV
2804   185997.000      1.00e+01  0.5   3  ! NiIV
2804   186470.100      1.00e+01  1.5   3  ! NiIV
2804   187570.300      1.00e+01  1.5   3  ! NiIV
2804   188320.100      1.00e+01  1.5   3  ! NiIV
2804   188824.200      1.00e+01  1.5   3  ! NiIV
2804   190830.300      1.00e+01  1.5   1  ! NiIV
2804   191618.200      1.00e+01  1.5   1  ! NiIV
2804   192033.500      1.00e+01  1.5   1  ! NiIV
2804   190864.700      1.00e+01  0.5   4  ! NiIV
2804   190932.800      1.00e+01  0.5   4  ! NiIV
2804   205114.100      1.00e+01  1.5   0  ! NiIV
2804   206005.300      1.00e+01  1.5   4  ! NiIV
2804   206340.900      1.00e+01  1.5   4  ! NiIV
2804   206645.700      1.00e+01  1.5   4  ! NiIV
2804   206847.000      1.00e+01  1.5   4  ! NiIV
2804   206523.200      1.00e+01  1.5   1  ! NiIV
2804   206740.700      1.00e+01  1.5   6  ! NiIV
2804   206754.500      1.00e+01  1.5   6  ! NiIV
2804   208046.800      1.00e+01  1.5   6  ! NiIV
2804   208149.500      1.00e+01  1.5   6  ! NiIV
2804   206865.500      1.00e+01  1.5   6  ! NiIV
2804   207136.000      1.00e+01  1.5   5  ! NiIV
2804   208595.300      1.00e+01  1.5   5  ! NiIV
2804   208631.300      1.00e+01  1.5   5  ! NiIV
2804   207846.200      1.00e+01  1.5   1  ! NiIV
2804   208009.100      1.00e+01  0.5   2  ! NiIV
2804   208330.700      1.00e+01  1.5   2  ! NiIV
2804   208461.000      1.00e+01  1.5   0  ! NiIV
2804   208605.700      1.00e+01  1.5   3  ! NiIV
2804   208766.900      1.00e+01  1.5   3  ! NiIV
2804   208933.600      1.00e+01  1.5   3  ! NiIV
2804   208912.100      1.00e+01  1.5   2  ! NiIV
2804   210313.300      1.00e+01  1.5   2  ! NiIV
2804   209131.900      1.00e+01  0.5   4  ! NiIV
2804   209391.400      1.00e+01  0.5   4  ! NiIV
2804   209985.100      1.00e+01  0.5   2  ! NiIV
2804   210121.800      1.00e+01  1.5   2  ! NiIV
2804   210943.600      1.00e+01  1.5   2  ! NiIV
2804   211246.800      1.00e+01  1.5   2  ! NiIV
2804   211351.700      1.00e+01  1.5   2  ! NiIV
2804   210177.000      1.00e+01  0.5   6  ! NiIV
2804   210987.500      1.00e+01  0.5   6  ! NiIV
2804   210590.600      1.00e+01  1.5   2  ! NiIV
2804   211027.600      1.00e+01  1.5   2  ! NiIV
2804   212150.900      1.00e+01  1.5   4  ! NiIV
2804   212207.000      1.00e+01  1.5   4  ! NiIV
2804   212275.900      1.00e+01  0.5   3  ! NiIV
2804   212281.800      1.00e+01  1.5   4  ! NiIV
2804   213131.100      1.00e+01  0.5   3  ! NiIV
2804   213408.600      1.00e+01  1.5   3  ! NiIV
2804   215516.800      1.00e+01  1.5   3  ! NiIV
2804   215541.300      1.00e+01  1.5   3  ! NiIV
2804   213412.100      1.00e+01  1.5   4  ! NiIV
2804   213606.900      1.00e+01  1.5   4  ! NiIV
2804   213640.200      1.00e+01  0.5   1  ! NiIV
2804   213739.700      1.00e+01  0.5   4  ! NiIV
2804   214055.800      1.00e+01  0.5   1  ! NiIV
2804   214101.000      1.00e+01  1.5   4  ! NiIV
2804   214316.800      1.00e+01  1.5   4  ! NiIV
2804   214718.100      1.00e+01  1.5   4  ! NiIV
2804   214910.500      1.00e+01  1.5   4  ! NiIV
2804   214587.400      1.00e+01  0.5   4  ! NiIV
2804   214622.800      1.00e+01  0.5   4  ! NiIV
2804   215292.900      1.00e+01  0.5   4  ! NiIV
2804   215506.600      1.00e+01  1.5   5  ! NiIV
2804   215684.500      1.00e+01  1.5   5  ! NiIV
2804   215724.500      1.00e+01  1.5   5  ! NiIV
2804   215736.100      1.00e+01  1.5   5  ! NiIV
2804   215531.000      1.00e+01  0.5   0  ! NiIV
2804   217414.300      1.00e+01  0.5   2  ! NiIV
2804   217939.700      1.00e+01  0.5   2  ! NiIV
2804   218860.600      1.00e+01  0.5   5  ! NiIV
2804   219553.400      1.00e+01  0.5   3  ! NiIV
2804   219896.000      1.00e+01  0.5   3  ! NiIV
2804   219765.000      1.00e+01  0.5   5  ! NiIV
2804   220762.600      1.00e+01  0.5   7  ! NiIV
2804   222202.800      1.00e+01  0.5   7  ! NiIV
2804   221991.000      1.00e+01  0.5   4  ! NiIV
2804   222029.300      1.00e+01  0.5   4  ! NiIV
2804   222333.300      1.00e+01  1.5   1  ! NiIV
2804   222662.900      1.00e+01  1.5   1  ! NiIV
2804   223225.400      1.00e+01  1.5   1  ! NiIV
2804   222705.500      1.00e+01  0.5   5  ! NiIV
2804   225758.500      1.00e+01  0.5   5  ! NiIV
2804   222993.300      1.00e+01  0.5   5  ! NiIV
2804   225903.700      1.00e+01  0.5   5  ! NiIV
2804   223785.400      1.00e+01  1.5   2  ! NiIV
2804   224021.300      1.00e+01  1.5   3  ! NiIV
2804   224824.900      1.00e+01  1.5   3  ! NiIV
2804   225096.400      1.00e+01  1.5   3  ! NiIV
2804   224075.300      1.00e+01  1.5   3  ! NiIV
2804   224174.000      1.00e+01  1.5   2  ! NiIV
2804   224463.600      1.00e+01  0.5   4  ! NiIV
2804   224761.500      1.00e+01  0.5   4  ! NiIV
2804   224645.700      1.00e+01  1.5   2  ! NiIV
2804   225136.900      1.00e+01  1.5   2  ! NiIV
2804   224936.900      1.00e+01  0.5   1  ! NiIV
2804   224996.500      1.00e+01  0.5   1  ! NiIV
2804   225431.600      1.00e+01  0.5   3  ! NiIV
2804   226685.000      1.00e+01  0.5   6  ! NiIV
2804   226702.500      1.00e+01  0.5   6  ! NiIV
2804   227181.100      1.00e+01  0.5   2  ! NiIV
2804   227549.400      1.00e+01  0.5   2  ! NiIV
2804   228214.200      1.00e+01  0.5   1  ! NiIV
2804   232897.000      1.00e+01  0.5   1  ! NiIV
2804   228518.500      1.00e+01  0.5   3  ! NiIV
2804   229269.500      1.00e+01  0.5   3  ! NiIV
2804   229297.500      1.00e+01  0.5   1  ! NiIV
2804   231091.800      1.00e+01  0.5   2  ! NiIV
2804   231742.000      1.00e+01  0.5   2  ! NiIV
2804   232272.700      1.00e+01  0.5   2  ! NiIV
2804   232539.500      1.00e+01  0.5   3  ! NiIV
2804   234019.500      1.00e+01  0.5   1  ! NiIV
2804   237480.300      1.00e+01  0.5   4  ! NiIV
2804   238957.800      1.00e+01  0.5   4  ! NiIV
2804   239009.700      1.00e+01  0.5   2  ! NiIV
2804   240094.200      1.00e+01  0.5   2  ! NiIV
2804   241172.400      1.00e+01  1.5   2  ! NiIV
2804   241540.000      1.00e+01  1.5   2  ! NiIV
2804   241817.900      1.00e+01  1.5   2  ! NiIV
2804   241939.000      1.00e+01  1.5   2  ! NiIV
2804   243520.100      1.00e+01  0.5   3  ! NiIV
2804   243542.000      1.00e+01  0.5   3  ! NiIV
2804   247731.700      1.00e+01  1.5   4  ! NiIV
2804   248218.000      1.00e+01  1.5   4  ! NiIV
2804   248855.400      1.00e+01  1.5   4  ! NiIV
2804   249130.000      1.00e+01  1.5   0  ! NiIV
2804   250951.000      1.00e+01  0.5   2  ! NiIV
2804   251694.300      1.00e+01  0.5   2  ! NiIV
2804   251773.600      1.00e+01  0.5   4  ! NiIV
2804   252523.000      1.00e+01  0.5   4  ! NiIV
2804   252354.000      1.00e+01  1.5   1  ! NiIV
2804   252975.400      1.00e+01  1.5   2  ! NiIV
2804   253326.200      1.00e+01  1.5   3  ! NiIV
2804   253579.300      1.00e+01  1.5   3  ! NiIV
2804   253639.100      1.00e+01  1.5   3  ! NiIV
2804   254123.700      1.00e+01  1.5   3  ! NiIV
2804   254300.000      1.00e+01  1.5   3  ! NiIV
2804   254663.400      1.00e+01  1.5   3  ! NiIV
2804   255064.000      1.00e+01  0.5   2  ! NiIV
2804   257018.000      1.00e+01  0.5   3  ! NiIV
2804   257406.400      1.00e+01  0.5   3  ! NiIV
2804   258672.800      1.00e+01  0.5   5  ! NiIV
2804   260065.100      1.00e+01  0.5   5  ! NiIV
2804   260355.500      1.00e+01  0.5   3  ! NiIV
2804   261226.300      1.00e+01  0.5   3  ! NiIV
2804   262275.500      1.00e+01  0.5   4  ! NiIV
2804   262538.700      1.00e+01  0.5   4  ! NiIV
2804   282179.500      1.00e+01  0.5   2  ! NiIV
2804   282645.200      1.00e+01  0.5   2  ! NiIV
2805        0.000      3.00e+03  2.0   2  ! NiV
2805    26152.700      1.00e+01  1.0   1  ! NiV
2805    28697.500      1.00e+01  1.0   1  ! NiV
2805    29640.400      1.00e+01  1.0   1  ! NiV
2805    27111.600      1.00e+01  1.0   5  ! NiV
2805    27578.700      1.00e+01  1.0   5  ! NiV
2805    27859.200      1.00e+01  1.0   5  ! NiV
2805    29123.980      1.00e+01  1.0   3  ! NiV
2805    29571.090      1.00e+01  1.0   3  ! NiV
2805    29898.900      1.00e+01  1.0   3  ! NiV
2805    33256.600      1.00e+01  1.0   4  ! NiV
2805    34062.090      1.00e+01  1.0   4  ! NiV
2805    34416.300      1.00e+01  1.0   4  ! NiV
2805    41252.800      1.00e+01  0.0   6  ! NiV
2805    41627.400      1.00e+01  1.0   2  ! NiV
2805    41701.300      1.00e+01  1.0   2  ! NiV
2805    41920.700      1.00e+01  1.0   2  ! NiV
2805    42208.660      1.00e+01  0.0   4  ! NiV
2805    47700.100      1.00e+01  0.0   0  ! NiV
2805    48607.300      1.00e+01  0.0   2  ! NiV
2805    57924.500      1.00e+01  0.0   3  ! NiV
2805    66738.500      1.00e+01  1.0   1  ! NiV
2805    67548.700      1.00e+01  1.0   1  ! NiV
2805    69156.700      1.00e+01  1.0   1  ! NiV
2805    68632.600      1.00e+01  1.0   3  ! NiV
2805    68719.400      1.00e+01  1.0   3  ! NiV
2805    68855.500      1.00e+01  1.0   3  ! NiV
2805    77900.300      1.00e+01  0.0   4  ! NiV
2805   104422.200      1.00e+01  0.0   2  ! NiV
2805   164523.500      1.00e+01  3.0   0  ! NiV
2805   178019.630      1.00e+01  2.0   0  ! NiV
2805   208046.250      1.00e+01  2.0   4  ! NiV
2805   208130.750      1.00e+01  2.0   4  ! NiV
2805   208151.820      1.00e+01  2.0   4  ! NiV
2805   208163.580      1.00e+01  2.0   4  ! NiV
2805   208164.900      1.00e+01  2.0   4  ! NiV
2805   212095.360      1.00e+01  2.0   1  ! NiV
2805   212253.310      1.00e+01  2.0   1  ! NiV
2805   212455.070      1.00e+01  2.0   1  ! NiV
2805   216190.140      1.00e+01  2.0   2  ! NiV
2805   216305.800      1.00e+01  2.0   2  ! NiV
2805   216434.850      1.00e+01  2.0   2  ! NiV
2805   216590.690      1.00e+01  2.0   2  ! NiV
2805   216596.190      1.00e+01  2.0   2  ! NiV
2805   217049.770      1.00e+01  1.0   4  ! NiV
2805   217101.300      1.00e+01  1.0   4  ! NiV
2805   217130.460      1.00e+01  1.0   4  ! NiV
2805   221087.380      1.00e+01  1.0   1  ! NiV
2805   221428.860      1.00e+01  1.0   1  ! NiV
2805   225201.990      1.00e+01  1.0   2  ! NiV
2805   225545.770      1.00e+01  1.0   2  ! NiV
2805   225617.550      1.00e+01  1.0   2  ! NiV
2805   229409.700      1.00e+01  1.0   6  ! NiV
2805   229413.860      1.00e+01  1.0   6  ! NiV
2805   229441.210      1.00e+01  1.0   6  ! NiV
2805   232546.160      1.00e+01  1.0   2  ! NiV
2805   232656.040      1.00e+01  1.0   2  ! NiV
2805   232911.050      1.00e+01  1.0   2  ! NiV
2805   233840.140      1.00e+01  0.0   6  ! NiV
2805   234083.090      1.00e+01  2.0   3  ! NiV
2805   234125.930      1.00e+01  2.0   3  ! NiV
2805   234275.270      1.00e+01  2.0   3  ! NiV
2805   234412.580      1.00e+01  2.0   3  ! NiV
2805   235116.290      1.00e+01  2.0   3  ! NiV
2805   235421.580      1.00e+01  1.0   3  ! NiV
2805   235736.460      1.00e+01  1.0   3  ! NiV
2805   236454.090      1.00e+01  1.0   3  ! NiV
2805   239107.830      1.00e+01  0.0   2  ! NiV
2805   240194.440      1.00e+01  0.0   3  ! NiV
2805   240960.210      1.00e+01  1.0   5  ! NiV
2805   241082.790      1.00e+01  1.0   5  ! NiV
2805   241773.490      1.00e+01  1.0   5  ! NiV
2805   242290.730      1.00e+01  1.0   4  ! NiV
2805   242504.790      1.00e+01  1.0   4  ! NiV
2805   242862.990      1.00e+01  1.0   4  ! NiV
2805   242835.300      1.00e+01  3.0   1  ! NiV
2805   243605.100      1.00e+01  3.0   1  ! NiV
2805   244897.420      1.00e+01  3.0   1  ! NiV
2805   243266.910      1.00e+01  1.0   3  ! NiV
2805   243332.060      1.00e+01  1.0   3  ! NiV
2805   243370.700      1.00e+01  1.0   3  ! NiV
2805   246241.950      1.00e+01  0.0   5  ! NiV
2805   247049.970      1.00e+01  0.0   4  ! NiV
2805   247105.890      1.00e+01  1.0   3  ! NiV
2805   247166.060      1.00e+01  1.0   3  ! NiV
2805   247282.430      1.00e+01  1.0   3  ! NiV
2805   251656.240      1.00e+01  0.0   3  ! NiV
2805   253862.750      1.00e+01  2.0   1  ! NiV
2805   254495.660      1.00e+01  2.0   1  ! NiV
2805   254884.720      1.00e+01  2.0   1  ! NiV
2805   253906.200      1.00e+01  1.0   0  ! NiV
2805   263701.310      1.00e+01  1.0   2  ! NiV
2805   263736.660      1.00e+01  1.0   2  ! NiV
2805   263806.050      1.00e+01  1.0   2  ! NiV
2805   268275.360      1.00e+01  0.0   2  ! NiV
2805   274696.990      1.00e+01  1.0   4  ! NiV
2805   274740.540      1.00e+01  1.0   4  ! NiV
2805   274775.350      1.00e+01  1.0   4  ! NiV
2805   279201.020      1.00e+01  0.0   4  ! NiV
2805   284215.400      1.00e+01  2.0   4  ! NiV
2805   284250.800      1.00e+01  2.0   4  ! NiV
2805   284307.320      1.00e+01  2.0   4  ! NiV
2805   284401.940      1.00e+01  2.0   4  ! NiV
2805   284579.600      1.00e+01  2.0   4  ! NiV
2805   286294.330      1.00e+01  2.0   5  ! NiV
2805   286706.600      1.00e+01  2.0   5  ! NiV
2805   287127.410      1.00e+01  2.0   5  ! NiV
2805   287644.980      1.00e+01  2.0   5  ! NiV
2805   288020.900      1.00e+01  2.0   5  ! NiV
2805   287755.570      1.00e+01  2.0   2  ! NiV
2805   287781.200      1.00e+01  2.0   2  ! NiV
2805   289298.040      1.00e+01  2.0   2  ! NiV
2805   290261.200      1.00e+01  2.0   2  ! NiV
2805   287907.400      1.00e+01  2.0   3  ! NiV
2805   287959.200      1.00e+01  2.0   3  ! NiV
2805   288160.710      1.00e+01  2.0   3  ! NiV
2805   289163.010      1.00e+01  2.0   3  ! NiV
2805   289246.580      1.00e+01  2.0   3  ! NiV
2805   288877.530      1.00e+01  2.0   0  ! NiV
2805   290757.550      1.00e+01  2.0   1  ! NiV
2805   291390.110      1.00e+01  2.0   1  ! NiV
2805   291541.700      1.00e+01  2.0   1  ! NiV
2805   291097.860      1.00e+01  1.0   3  ! NiV
2805   291328.720      1.00e+01  1.0   3  ! NiV
2805   291555.410      1.00e+01  1.0   3  ! NiV
2805   291891.100      1.00e+01  1.0   5  ! NiV
2805   292354.050      1.00e+01  1.0   5  ! NiV
2805   292631.400      1.00e+01  1.0   5  ! NiV
2805   292982.400      1.00e+01  1.0   1  ! NiV
2805   293420.400      1.00e+01  1.0   1  ! NiV
2805   293866.800      1.00e+01  1.0   1  ! NiV
2805   293834.100      1.00e+01  2.0   3  ! NiV
2805   294086.240      1.00e+01  2.0   3  ! NiV
2805   294443.500      1.00e+01  2.0   3  ! NiV
2805   294939.610      1.00e+01  2.0   3  ! NiV
2805   295444.630      1.00e+01  2.0   3  ! NiV
2805   296574.300      1.00e+01  2.0   2  ! NiV
2805   296919.730      1.00e+01  2.0   2  ! NiV
2805   297014.090      1.00e+01  2.0   2  ! NiV
2805   297418.010      1.00e+01  2.0   2  ! NiV
2805   298059.980      1.00e+01  2.0   2  ! NiV
2805   296847.200      1.00e+01  1.0   4  ! NiV
2805   296896.720      1.00e+01  1.0   4  ! NiV
2805   296932.480      1.00e+01  1.0   4  ! NiV
2805   297418.690      1.00e+01  1.0   2  ! NiV
2805   297842.900      1.00e+01  1.0   2  ! NiV
2805   298600.200      1.00e+01  1.0   2  ! NiV
2805   297982.660      1.00e+01  2.0   1  ! NiV
2805   299045.960      1.00e+01  2.0   1  ! NiV
2805   300200.840      1.00e+01  2.0   1  ! NiV
2805   298972.630      1.00e+01  1.0   2  ! NiV
2805   300224.770      1.00e+01  1.0   2  ! NiV
2805   300563.800      1.00e+01  1.0   2  ! NiV
2805   300918.540      1.00e+01  1.0   3  ! NiV
2805   301469.700      1.00e+01  1.0   3  ! NiV
2805   301552.790      1.00e+01  1.0   3  ! NiV
2805   303249.470      1.00e+01  1.0   0  ! NiV
2805   305387.000      1.00e+01  1.0   1  ! NiV
2805   305839.000      1.00e+01  1.0   1  ! NiV
2805   306378.610      1.00e+01  1.0   1  ! NiV
2805   305591.100      1.00e+01  1.0   7  ! NiV
2805   305996.760      1.00e+01  1.0   7  ! NiV
2805   308138.600      1.00e+01  1.0   7  ! NiV
2805   306049.020      1.00e+01  1.0   6  ! NiV
2805   307399.900      1.00e+01  1.0   6  ! NiV
2805   308317.300      1.00e+01  1.0   6  ! NiV
2805   306962.960      1.00e+01  1.0   2  ! NiV
2805   307026.200      1.00e+01  1.0   2  ! NiV
2805   307105.700      1.00e+01  1.0   2  ! NiV
2805   307730.680      1.00e+01  1.0   3  ! NiV
2805   308592.100      1.00e+01  1.0   3  ! NiV
2805   310211.760      1.00e+01  1.0   3  ! NiV
2805   308804.660      1.00e+01  0.0   5  ! NiV
2805   308941.400      1.00e+01  0.0   2  ! NiV
2805   309263.960      1.00e+01  1.0   5  ! NiV
2805   309919.830      1.00e+01  1.0   5  ! NiV
2805   309952.470      1.00e+01  1.0   5  ! NiV
2805   309744.640      1.00e+01  0.0   7  ! NiV
2805   311471.730      1.00e+01  0.0   2  ! NiV
2805   311966.100      1.00e+01  1.0   1  ! NiV
2805   312290.700      1.00e+01  1.0   1  ! NiV
2805   313577.600      1.00e+01  1.0   1  ! NiV
2805   312008.050      1.00e+01  0.0   4  ! NiV
2805   312463.570      1.00e+01  1.0   4  ! NiV
2805   314702.300      1.00e+01  1.0   4  ! NiV
2805   316069.510      1.00e+01  1.0   4  ! NiV
2805   312778.500      1.00e+01  2.0   4  ! NiV
2805   312889.330      1.00e+01  2.0   4  ! NiV
2805   313280.860      1.00e+01  2.0   4  ! NiV
2805   313465.390      1.00e+01  2.0   4  ! NiV
2805   314756.920      1.00e+01  2.0   4  ! NiV
2805   312953.460      1.00e+01  1.0   2  ! NiV
2805   315301.500      1.00e+01  1.0   2  ! NiV
2805   315365.000      1.00e+01  1.0   2  ! NiV
2805   313678.820      1.00e+01  1.0   2  ! NiV
2805   313687.500      1.00e+01  1.0   2  ! NiV
2805   313920.200      1.00e+01  1.0   2  ! NiV
2805   314208.020      1.00e+01  1.0   3  ! NiV
2805   316164.970      1.00e+01  1.0   3  ! NiV
2805   316280.700      1.00e+01  1.0   3  ! NiV
2805   314392.500      1.00e+01  0.0   6  ! NiV
2805   314561.800      1.00e+01  2.0   3  ! NiV
2805   314599.160      1.00e+01  2.0   3  ! NiV
2805   314833.860      1.00e+01  2.0   3  ! NiV
2805   315152.070      1.00e+01  2.0   3  ! NiV
2805   315168.980      1.00e+01  2.0   3  ! NiV
2805   315325.400      1.00e+01  0.0   3  ! NiV
2805   315370.720      1.00e+01  1.0   5  ! NiV
2805   323909.560      1.00e+01  1.0   5  ! NiV
2805   325149.010      1.00e+01  1.0   5  ! NiV
2805   315990.110      1.00e+01  1.0   5  ! NiV
2805   317328.050      1.00e+01  1.0   5  ! NiV
2805   323926.850      1.00e+01  1.0   5  ! NiV
2805   316725.900      1.00e+01  1.0   4  ! NiV
2805   316888.770      1.00e+01  1.0   4  ! NiV
2805   317375.600      1.00e+01  1.0   4  ! NiV
2805   316743.350      1.00e+01  2.0   2  ! NiV
2805   317232.150      1.00e+01  2.0   2  ! NiV
2805   317461.200      1.00e+01  2.0   2  ! NiV
2805   317478.000      1.00e+01  2.0   2  ! NiV
2805   317517.110      1.00e+01  2.0   2  ! NiV
2805   319073.200      1.00e+01  0.0   1  ! NiV
2805   319077.900      1.00e+01  1.0   6  ! NiV
2805   319861.160      1.00e+01  1.0   6  ! NiV
2805   320783.200      1.00e+01  1.0   6  ! NiV
2805   319139.270      1.00e+01  0.0   4  ! NiV
2805   319620.000      1.00e+01  1.0   4  ! NiV
2805   319653.020      1.00e+01  1.0   4  ! NiV
2805   319899.900      1.00e+01  1.0   4  ! NiV
2805   319926.760      1.00e+01  0.0   2  ! NiV
2805   320514.600      1.00e+01  1.0   3  ! NiV
2805   321018.180      1.00e+01  1.0   3  ! NiV
2805   321056.910      1.00e+01  1.0   3  ! NiV
2805   321082.490      1.00e+01  0.0   3  ! NiV
2805   322325.090      1.00e+01  0.0   6  ! NiV
2805   322437.400      1.00e+01  1.0   2  ! NiV
2805   322618.600      1.00e+01  1.0   2  ! NiV
2805   322985.000      1.00e+01  1.0   2  ! NiV
2805   322821.780      1.00e+01  1.0   3  ! NiV
2805   323523.800      1.00e+01  1.0   3  ! NiV
2805   323854.600      1.00e+01  1.0   3  ! NiV
2805   324981.010      1.00e+01  1.0   4  ! NiV
2805   325212.680      1.00e+01  1.0   4  ! NiV
2805   325224.300      1.00e+01  1.0   4  ! NiV
2805   325559.110      1.00e+01  0.0   4  ! NiV
2805   325983.000      1.00e+01  1.0   3  ! NiV
2805   326030.280      1.00e+01  1.0   3  ! NiV
2805   326876.760      1.00e+01  1.0   3  ! NiV
2805   326338.410      1.00e+01  0.0   5  ! NiV
2805   326739.770      1.00e+01  0.0   3  ! NiV
2805   327122.600      1.00e+01  0.0   2  ! NiV
2805   327357.620      1.00e+01  0.0   5  ! NiV
2805   329463.000      1.00e+01  1.0   2  ! NiV
2805   329777.400      1.00e+01  1.0   2  ! NiV
2805   329872.890      1.00e+01  1.0   2  ! NiV
2805   329614.680      1.00e+01  1.0   4  ! NiV
2805   330298.200      1.00e+01  1.0   4  ! NiV
2805   330718.740      1.00e+01  1.0   4  ! NiV
2805   329619.000      1.00e+01  1.0   1  ! NiV
2805   330371.700      1.00e+01  1.0   1  ! NiV
2805   331678.400      1.00e+01  1.0   1  ! NiV
2805   332996.600      1.00e+01  0.0   4  ! NiV
2805   334477.500      1.00e+01  0.0   1  ! NiV
2805   334728.380      1.00e+01  0.0   3  ! NiV
2805   342894.240      1.00e+01  1.0   3  ! NiV
2805   343282.570      1.00e+01  1.0   3  ! NiV
2805   344911.000      1.00e+01  1.0   3  ! NiV
2805   343478.500      1.00e+01  1.0   2  ! NiV
2805   343905.600      1.00e+01  1.0   2  ! NiV
2805   344805.000      1.00e+01  1.0   2  ! NiV
2805   345937.100      1.00e+01  0.0   3  ! NiV
2805   346913.260      1.00e+01  1.0   1  ! NiV
2805   346921.200      1.00e+01  1.0   1  ! NiV
2805   346959.910      1.00e+01  1.0   1  ! NiV
2805   348478.400      1.00e+01  0.0   1  ! NiV
2805   349547.100      1.00e+01  0.0   2  ! NiV
2805   353071.630      1.00e+01  1.0   5  ! NiV
2805   353550.040      1.00e+01  1.0   5  ! NiV
2805   354989.400      1.00e+01  1.0   5  ! NiV
2805   353347.470      1.00e+01  1.0   3  ! NiV
2805   353945.200      1.00e+01  1.0   3  ! NiV
2805   355149.400      1.00e+01  1.0   3  ! NiV
2805   355399.710      1.00e+01  1.0   4  ! NiV
2805   355766.360      1.00e+01  1.0   4  ! NiV
2805   356036.800      1.00e+01  1.0   4  ! NiV
2805   358475.700      1.00e+01  0.0   5  ! NiV
2805   358760.840      1.00e+01  0.0   4  ! NiV
2805   360061.200      1.00e+01  0.0   3  ! NiV
2805   368441.000      1.00e+01  1.0   1  ! NiV
2805   368748.000      1.00e+01  1.0   1  ! NiV
2805   369649.500      1.00e+01  1.0   1  ! NiV
2805   374804.500      1.00e+01  1.0   2  ! NiV
2805   374828.600      1.00e+01  1.0   2  ! NiV
2805   376472.000      1.00e+01  1.0   2  ! NiV
2805   377059.900      1.00e+01  0.0   2  ! NiV
2805   378555.900      1.00e+01  1.0   0  ! NiV
2805   380167.300      1.00e+01  0.0   1  ! NiV
2805   386968.600      1.00e+01  1.0   3  ! NiV
2805   387331.400      1.00e+01  1.0   3  ! NiV
2805   388699.400      1.00e+01  1.0   3  ! NiV
2805   388746.600      1.00e+01  1.0   2  ! NiV
2805   389572.500      1.00e+01  1.0   2  ! NiV
2805   390479.500      1.00e+01  1.0   2  ! NiV
2805   390676.000      1.00e+01  0.0   2  ! NiV
2805   392415.000      1.00e+01  1.0   1  ! NiV
2805   392958.830      1.00e+01  0.0   3  ! NiV
2805   423533.000      1.00e+01  2.0   1  ! NiV
2805   423782.000      1.00e+01  2.0   1  ! NiV
2805   423935.000      1.00e+01  2.0   1  ! NiV
2805   439419.000      1.00e+01  2.0   3  ! NiV
2805   439420.000      1.00e+01  2.0   3  ! NiV
2805   439423.000      1.00e+01  2.0   3  ! NiV
2805   439427.000      1.00e+01  2.0   3  ! NiV
2805   439434.000      1.00e+01  2.0   3  ! NiV
2805   502124.000      1.00e+01  2.0   3  ! NiV
2805   502133.000      1.00e+01  2.0   3  ! NiV
2805   502137.000      1.00e+01  2.0   3  ! NiV
2805   502143.000      1.00e+01  2.0   3  ! NiV
2805   502147.000      1.00e+01  2.0   3  ! NiV
3004        0.000      1.00e+01  0.5   2  ! ZnIV
3004     2759.100      1.00e+01  0.5   2  ! ZnIV
3004   128729.800      1.00e+01  1.5   3  ! ZnIV
3004   130366.100      1.00e+01  1.5   3  ! ZnIV
3004   131804.500      1.00e+01  1.5   3  ! ZnIV
3004   132777.300      1.00e+01  1.5   3  ! ZnIV
3004   135951.200      1.00e+01  0.5   3  ! ZnIV
3004   138479.400      1.00e+01  0.5   3  ! ZnIV
3004   148179.700      1.00e+01  0.5   2  ! ZnIV
3004   149190.800      1.00e+01  0.5   2  ! ZnIV
3004   151249.500      1.00e+01  1.5   1  ! ZnIV
3004   151392.400      1.00e+01  1.5   1  ! ZnIV
3004   151574.300      1.00e+01  1.5   1  ! ZnIV
3004   157074.800      1.00e+01  0.5   1  ! ZnIV
3004   157929.500      1.00e+01  0.5   1  ! ZnIV
3004   160886.000      1.00e+01  0.5   4  ! ZnIV
3004   160919.000      1.00e+01  0.5   4  ! ZnIV
3004   199369.000      1.00e+01  0.5   0  ! ZnIV
3004   201319.000      1.00e+01  1.5   2  ! ZnIV
3004   203684.600      1.00e+01  1.5   2  ! ZnIV
3004   205453.000      1.00e+01  1.5   2  ! ZnIV
3004   206513.000      1.00e+01  1.5   2  ! ZnIV
3004   204447.000      1.00e+01  1.5   4  ! ZnIV
3004   205261.000      1.00e+01  1.5   4  ! ZnIV
3004   205991.000      1.00e+01  1.5   4  ! ZnIV
3004   207175.300      1.00e+01  1.5   4  ! ZnIV
3004   207737.000      1.00e+01  1.5   3  ! ZnIV
3004   208921.300      1.00e+01  1.5   3  ! ZnIV
3004   209899.000      1.00e+01  1.5   3  ! ZnIV
3004   210187.100      1.00e+01  1.5   3  ! ZnIV
3004   208970.000      1.00e+01  0.5   4  ! ZnIV
3004   211189.500      1.00e+01  0.5   4  ! ZnIV
3004   211569.700      1.00e+01  0.5   2  ! ZnIV
3004   213479.800      1.00e+01  0.5   2  ! ZnIV
3004   211823.700      1.00e+01  0.5   3  ! ZnIV
3004   214167.300      1.00e+01  0.5   3  ! ZnIV
3004   221426.200      1.00e+01  1.5   1  ! ZnIV
3004   221737.400      1.00e+01  1.5   1  ! ZnIV
3004   222120.000      1.00e+01  1.5   1  ! ZnIV
3004   223609.400      1.00e+01  0.5   3  ! ZnIV
3004   225032.500      1.00e+01  0.5   3  ! ZnIV
3004   224997.600      1.00e+01  0.5   2  ! ZnIV
3004   226050.200      1.00e+01  0.5   2  ! ZnIV
3004   225414.000      1.00e+01  0.5   1  ! ZnIV
3004   226684.900      1.00e+01  0.5   1  ! ZnIV
3004   229162.800      1.00e+01  1.5   2  ! ZnIV
3004   229230.900      1.00e+01  1.5   2  ! ZnIV
3004   229252.800      1.00e+01  1.5   2  ! ZnIV
3004   229877.900      1.00e+01  1.5   2  ! ZnIV
3004   231693.000      1.00e+01  0.5   2  ! ZnIV
3004   232938.100      1.00e+01  0.5   2  ! ZnIV
3004   232245.700      1.00e+01  0.5   1  ! ZnIV
3004   234493.900      1.00e+01  0.5   1  ! ZnIV
3004   232981.000      1.00e+01  0.5   5  ! ZnIV
3004   234623.000      1.00e+01  0.5   5  ! ZnIV
3004   234802.200      1.00e+01  0.5   3  ! ZnIV
3004   236109.300      1.00e+01  0.5   3  ! ZnIV
3004   235975.500      1.00e+01  0.5   0  ! ZnIV
3004   236175.100      1.00e+01  1.5   0  ! ZnIV
3004   242320.000      1.00e+01  0.5   4  ! ZnIV
3004   242640.000      1.00e+01  0.5   4  ! ZnIV
3004   274746.300      1.00e+01  0.5   1  ! ZnIV
3004   276884.600      1.00e+01  0.5   1  ! ZnIV
3004   304097.100      1.00e+01  1.5   2  ! ZnIV
3004   306370.000      1.00e+01  1.5   2  ! ZnIV
3004   307159.600      1.00e+01  1.5   2  ! ZnIV
3004   307599.400      1.00e+01  1.5   2  ! ZnIV
3004   304679.400      1.00e+01  1.5   1  ! ZnIV
3004   308162.000      1.00e+01  1.5   1  ! ZnIV
3004   308898.500      1.00e+01  1.5   1  ! ZnIV
3004   305066.800      1.00e+01  1.5   5  ! ZnIV
3004   307966.800      1.00e+01  1.5   5  ! ZnIV
3004   308078.000      1.00e+01  1.5   5  ! ZnIV
3004   309693.800      1.00e+01  1.5   5  ! ZnIV
3004   305411.500      1.00e+01  0.5   5  ! ZnIV
3004   310043.000      1.00e+01  0.5   5  ! ZnIV
3004   305928.300      1.00e+01  1.5   4  ! ZnIV
3004   306023.600      1.00e+01  1.5   4  ! ZnIV
3004   309885.100      1.00e+01  1.5   4  ! ZnIV
3004   306411.100      1.00e+01  0.5   3  ! ZnIV
3104        0.000      1.00e+02  0.0   0  ! GaIV
3104   151300.000      3.00e+03  1.0   2  ! GaIV
3104   156024.700      1.00e+03  0.0   2  ! GaIV
3104   236311.900      1.00e+01  0.0   1  ! GaIV
3204        0.000      1.00e+02  0.5   0  ! GeIV
3204    82500.000      3.00e+03  0.5   1  ! GeIV
4004        0.000      3.00e+03  0.5   2  ! ZrIV
4004    38258.350      3.00e+03  0.5   0  ! ZrIV
4004    82882.650      4.00e+03  0.5   1  ! ZrIV
4004   146112.020      3.00e+03  0.5   2  ! ZrIV
4004   152513.000      1.00e+03  0.5   0  ! ZrIV
4004   159066.750      3.00e+03  0.5   3  ! ZrIV
4004   169729.560      3.00e+03  0.5   1  ! ZrIV
8204        0.000      1.00e+02  0.5   0  ! PbIV
8204    76157.697      1.00e+03  0.5   1  ! PbIV
8205        0.000      1.00e+02  0.0   0  ! PbV
8205   112411.200      5.00e+03  1.0   2  ! PbV
8205   132714.800      1.00e+03  1.0   2  ! PbV
8205   136001.100      1.00e+03  0.0   2  ! PbV
8205   194807.100      1.00e+03  1.0   1  ! PbV
8205   197135.000      1.00e+03  1.0   3  ! PbV
